9838343699
9962947695
8071820658
8299272544
7307059010
7007139267
9151053873
9289922625
9962947710
9289922064
9335790777
8090494000
9724777875
9289922881
8929265002
8887541578
7080809319
7525888008
7428700934
8957126940
6388950152
7668284151
9793054538
7669344351
9889426150
7706828001
8048332632
7007995603
7428700931
8765629743
9936062360
8417000171
8291853603
8929597021
9161087666
8033113311
8960911156
9695539317
9415164939
9918100333
7398833279
7379666655
7607777752
7310267100
8604165166
9793220001
9821748069
8726645996
8840162018
9415550293
9305166155
8400088925
8317056283
9651429006
8960232535
8318871400
7988480933
9335362173
7235979189
8168240013
9838998385
9793247827
9918855666
8004300465
7014061398
9984804798
9918525081
7860880841
9984494355
8009776660
9350333509
9795717666
9793753797
7388568787
8604775436
9616195564
9984998677
9455377376
8168638577
9278107648
7408512001
7697141319
8090884455
8081499486
9838384334
9214575767
7007246236
6391948177
9511113600
6393877785
8881114646
9086065750
7880906600
8708197926
9451947795
9506573007
9455118824
9950686001
9555729933
9336722171
9511114915
7269006980
9005353928
8737972645
9984028402
9336158063
9565916015
9358438787
7310007005
8545933300
7007904298
8287727663
9129323322
8881304445
9582009401
9565551230
7905549221
8604939047
9992070648
9839940947
9670017400
7905980858
9044295555
8929298998
8922842198
9455143590
9336101290
8881085089
9793651117
8573800096
9415923776
9336154353
9565424846
7800700303
8852986519
9559752555
7379325383
8960229497
7398711103
9936691111
6386292958
6388339755
7905641536
9696162419
7054888886
7827888988
8576923316
8707658668
9151117494
7084210170
6306185218
9151670708
7985808264
7905186658
7266011183
9919234874
6387834811
9403891468
8601229229
7985307306
9415102025
8840593991
7233000140
8707634101
9807227292
9839253262
9335766660
7398770222
9044666160
7007569941
7060508079
7275913332
9452205411
9793271937
9651217002
9335824127
9621280021
9839467195
7706833000
8960132690
7007504957
9792447346
7307022821
9839018363
8924926098
9125943507
7068110962
9838629323
8318172004
8601464464
9389086114
8826394083
9721360715
7007645460
7706853000
9919990893
7007215516
9451086478
7275119604
7570005000
9044040029
9450707050
9936694966
7800490866
9554136689
9936507713
8687921038
9029436767
9935220710
9170055666
9336249454
7307022817
9335917340
8779451953
9670763666
9450912197
7000295539
6394844264
8062757484
8010078601
8840747675
9935195999
8299857043
8318556904
9335307820
9598616369
9450653634
7997801001
8756222696
8081829191
7905477362
7980168159
8400000660
9889595585
7897789797
8090111100
9742948882
7236820111
9918301551
9335123465
8948868886
9984031039
7554931922
9470030001
9451467771
8299087262
9670183641
7800948439
7054858914
9956828966
7376841090
6394242047
7388979666
9450377738
8470883940
9044212990
8840750788
9250924240
9415172409
7398866697
9807698555
9335711166
9335262751
8127572001
6392057290
9936653445
9956447919
8188886113
7880686600
9936420215
9559251462
9953774364
9044295453
9307912469
8009502393
9918300000
9335088801
9838005883
8810753602
7398640064
8738959571
8090794431
9956872022
8851080244
8005018501
7398715961
8004375410
6387337276
9807802517
9307705770
9452203851
9936716999
8090396746
8081355643
8840250209
6390009179
9451034567
9140141518
9696719094
9235847363
7985906806
7007782895
9415026720
9839514489
9455990070
8130880626
9450586011
6388813316
7081521234
6393905339
9415333718
9839080841
9839287051
9450561198
9565111226
7081571234
9935331000
9799926814
7518107631
8840318127
9307555500
9415778817
7905632214
9919992022
6393529677
8896044891
9452760102
9140951178
7007783800
7275722641
8127000008
7054341414
8924040987
9307464927
9453842182
9651610125
8114279155
9565298586
9532047421
6307796452
8381887070
6392551606
7275066995
8299043541
9918363964
8960795630
9336399990
9871034345
9795549128
8960523161
9794611682
9453649752
9956624463
9793685777
9235712554
9415496456
9717865646
9580574211
9918536396
9305576077
8400619170
7275555145
7080095857
7484854051
9336177012
9956891900
9795717700
9889147147
7985932253
9161360783
7007911679
8318850817
9310700631
9918781121
8765600244
9450473897
8917738118
8657589608
8896317252
7518868686
9005102114
8347580000
9810895646
7753929067
8808888441
9415181270
9151919111
8960842101
8738095105
8563030712
9554021594
9198506584
7523949596
9794713193
9307078833
9721790004
9935637706
6260243873
8382870695
9838528790
6394266927
9415794233
8181812181
9411122334
9336301965
9956887687
9415253209
8196960909
9369612123
7851988877
6307177664
9415696381
7376527379
6394355114
9125613527
8957838223
9911918545
9198912778
9336279032
8840842788
9452807024
8707030571
8960444416
9140872008
6307920416
9415008457
8299551440
6390500149
9125311870
9389974819
7755840778
9369500408
7704969730
9415015441
9540878623
8799255500
9555773423
7376126261
6392334412
8115411407
7607199949
9044573433
9651354137
8299782293
8707587648
7705064481
9140130643
7311155575
8291171606
7392913025
7618828201
8188866106
6393661407
8960553401
9956388812
9838244282
8127386571
8881089473
8787218134
9305828147
8881444959
9984017414
9026774348
9129824082
9076684499
9415470001
8853955500
8957993947
9044131633
9506403330
7499888881
7007986836
7705064266
7054611731
8291171465
8896851487
9140399752
9794220000
8299092854
9839019257
9415088870
6306240794
8881290360
7421823333
9794196777
8858714843
9559991333
9936879200
9935501167
8318663202
9559996493
9889444479
9198551244
7007112205
8318275007
9565723777
9794900111
9839096063
9919887309
9369108976
9415402995
9120058482
9621997779
6390604681
7007267415
8052482578
8563070770
8004864056
8009099175
7905319567
7379629473
8009147070
8174025193
7084422222
7007985506
7607603441
9044965428
9305397130
7028731674
9696744633
8528520084
9140499507
9118288809
8115999953
8299115231
7942845129
7949286374
7706904000
8303121062
9257031558
7755828285
7310100005
9151778888
7942845006
9795874121
7080801403
9415425996
9648414507
9305570534
8960639885
6307107061
9896277687
7942845265
8826922779
7398951960
9389812289
7942845149
8858485180
9839108070
7270075920
8090524411
9559544477
8299397765
7860555588
9161633499
8317013741
7947479637
7275588334
9125806001
7408214444
9198133030
9936051830
8299170797
9667503695
8818888830
9450709331
9451314111
7303700142
9044216044
8840669239
9793664766
7607686820
8726085555
9278373123
9896277735
7355202670
9696841997
8887444886
9450026500
9984417630
9999500175
7905191139
9335025309
8400000022
9936900323
8953200333
8090547156
7408799445
8802930602
9450028115
7007215807
8707355177
8077006837
7607514333
6307492462
8957602062
7355775388
9327338333
8299011290
6393187157
9112585221
9450372322
7860111187
9235838382
9335902937
8400594339
7007832260
7080530004
7084614380
9005050786
7080000832
9305757350
9839685908
9336504968
9335374751
9306945012
8707776383
9648488488
7310275724
7888699788
6306675043
8808522340
9026551557
9580162835
9651055013
8052449492
9005240470
8707334207
9565553111
9450960005
8467988926
6392186414
9452255557
6390000639
7408088889
7081396664
9936301541
9415561457
9235351616
9639779248
9415002714
9453379118
9670000061
9506695760
7376761003
7860872978
9839074639
9335901285
8853786672
9517401214
9044110001
9026750379
8299587651
7007841624
9335097053
9236507854
9198303198
9839222007
9453909188
9956099693
7800465488
9473897545
8858204137
7905746104
8576860167
9911668617
9742593010
7394019474
7275303103
9936528999
9305895443
9559113395
9451403423
8423286879
9453478473
9415158703
7007354122
9336704401
9984111184
9839940882
7007536511
8417864444
7007249150
9911668876
7985003357
7084011454
8881888227
7309803550
8542060403
9335679790
8004433260
8953291891
9198666633
9936671147
9115361277
7317204755
9569254545
9839230407
9335341777
9792132346
9325298684
8318203727
9335928986
9335210300
8317017980
9807993181
9793388386
9696380485
9918804711
8808440844
6388100599
9208198428
7505622555
7317479556
9415463402
8299164511
7309899990
7084861647
9936477777
9807803043
9335910392
9415022485
9118688337
9389998878
8299178255
9838943393
9411632493
7991894784
9580706030
9208862347
7905015259
9140928862
8887824425
9793660061
9415311500
9793537111
9044447714
9415597493
9455555207
6306405882
9648013954
9336481800
9240299623
9792373455
9918614092
9628650502
9335280040
7379600999
9005195584
6386787534
7379345379
9794270176
7376528249
9455043050
7007932170
7007156843
7355034149
6392298557
8874510951
9532229997
9453430931
7355634952
7836860949
9453727550
8787282889
7985316797
8840165497
8009831555
8601457408
9451912018
9936771799
8299772146
9415548022
8318394061
9198166161
9415206444
9452243755
8887188870
8317049647
8795445542
6281001406
9936061123
9415159192
7408645181
9696993805
8574444367
7007385928
9478872839
8604944858
9140172205
9935278666
9415479445
8960076006
8840858102
7355018925
7275224571
7398126116
8382012759
6392532215
9307451347
8318041559
8948514421
6307041453
7800965593
9454936912
9956214316
9936872665
9889758820
9838681421
9415454115
8077447467
9170580188
9450172912
9795968252
7985381733
6394093238
7007532597
9554997653
9044580757
7000893390
9580126362
8299839559
8851236950
9918319826
7800037876
8957815238
7388772888
8881919993
8299747941
6387554436
8808207161
7985513682
9415583016
8858620072
7309268074
9839360822
8840319370
8957377444
7355988282
8279938200
7977639545
9369584524
8127545599
9651799696
9889557776
9450766767
7376223878
9452661211
6307436130
8840998045
7860288409
8881969369
8840271210
9795530227
9889201010
9918502150
9415027266
9415005860
9839099763
8127300000
9911600280
9670070080
9838079569
7398244444
9984000152
9415020335
9415017632
9415001540
9839030103
8052663666
9336909448
8423498483
8004777277
9559139000
7307053688
7408192239
9415101555
8238008424
9807112233
9839314567
9560626500
8467925575
7007648132
8840113622
7897277778
9044999577
9936382786
8429721954
7607292269
9935269111
7518489144
7007126528
9670406748
7505999996
9277326001
9305672191
9936644527
9935043915
8707781188
8707089389
9696212351
8574785107
9335922908
9792488890
9956137471
8851318963
7985675740
9450645942
9839900075
9559688678
9936564171
9415927573
7266831113
9506136319
8299627092
9305571505
8009999995
7275355552
7007160040
9169615987
9555973985
9335015624
9935090028
9336966077
7800220021
8218413202
9935506153
7007312103
7071555007
7704020770
9044451111
9140731746
8090795202
9696461013
8081084261
9839173742
9453226084
9670200755
6386611401
9120105777
9118266603
7905406161
8840200858
9682210222
9616150113
9839800258
9335874503
8318859511
8400046666
9889242423
7403917403
9670555578
8090091449
9919362116
9415005101
7007650065
7250286350
9956687320
9415177585
9653044282
9511166146
9984008666
9453136326
9335076500
7510098888
9336444435
9793027166
9839174269
8765482671
9198499801
8896106183
8081933933
9140295109
8953999444
9369248225
9415059933
8299826515
9889340987
9936365026
8188054447
9795284891
8429349999
6387070854
9044089911
8795214188
9721998088
9838885588
9118388999
6387496656
8004444747
8299271655
7311188800
9415159954
9651336666
9569392218
7052179025
9616633344
8052300222
9651428571
9839887283
8090880909
9838440031
9839429222
9793197097
8299380656
8062757232
7080714444
8933003377
7283008300
9517432732
8101108108
9044210000
9235669218
9005920444
9452183324
8953222350
8318471263
9415003854
7007651725
9453375652
9369978583
8081600600
9696466531
9956623778
9151112063
9559597666
7376227333
8010756033
9918800621
9519383990
9889345811
9335064188
9918137851
8874625303
8960702020
7275776502
7379301078
9999025360
7388732222
8840782642
7379392999
9892634728
8980403663
8299490868
7985554152
9519447777
7860556677
9415023993
8929437373
7570000985
9044052090
9559570555
9919909128
7071150824
9044336070
9415107202
9919111166
7678870444
8077435874
9935757036
8765139561
9910597836
9205440544
9936888000
9076619953
9305949475
7311159666
9151117288
9369870285
7080534999
7570000712
9936438000
9198863444
7408404863
8657768894
9454363252
9335402399
9810331955
9119603535
9918446444
8840255257
9839397979
8545906878
8470876306
9559666018
9152433401
7080888837
9415500056
7572013942
8318849521
9236401515
7800004637
7380315333
9151777117
7235811114
7522000564
9670887777
9621708005
8069028749
9118121555
7311199926
8400399061
8953191167
8081034883
7318254638
7222852222
9838117709
7081165795
9721766666
7084399506
9115005777
9005614007
9839334430
9695222227
6386194696
9335711772
9839702550
9519755513
9152946976
9711079850
6390555515
9519992229
8787044311
9115004646
9936252347
9506381079
8840538234
9919001577
9918296999
8948890888
8858848844
9935167447
9936939786
8319950259
9451273850
9026115149
9971585282
9336057545
8052810773
7233001002
9616150000
9696333555
9935105322
7317444481
8840880860
8317054450
9415213594
8960287435
6392885561
8318361961
9565531460
8090223421
9415126537
9410209069
6392409093
8447350257
9415071241
9450766113
8574151435
9451133598
8808055524
8528946121
9891492172
9451532613
8090857237
7418111204
8953639999
9044041213
6391293666
9598008800
9695390002
8303932646
9044405253
9696970473
6388717461
9026667436
7669645507
6391383666
9794773388
9936010011
7318301117
8738915843
7860072222
9140978812
7881107719
9889967962
8303896941
9129283283
8299607451
8564824008
8062757133
9569834266
9621441067
9721000839
8737868010
9336362436
7985640327
9918361836
7905117796
7985833677
8303342481
9044125235
9369103020
9936128777
9039712890
6389133360
8858888895
9120001689
9235000525
7518818888
9369103330
7017181218
6386420104
8299091707
7068880238
8318409188
7237087237
7607153662
7379244666
9125362436
9935270707
9125268887
8573055090
9336441413
8400280007
7897722444
7408075888
9569335604
7905968268
7880772245
9140389841
9696888908
8528166221
9511110667
9116200271
9838481176
9699677669
9559808482
9559165805
9335290370
8948158888
9161195556
9129555273
9519144487
9305956747
9336387717
8765842532
8885762957
7880533996
9838112288
9519152299
7007722764
8880633333
8400099519
9415089051
8756666420
8037759992
9839090890
6388970500
9956868450
9839073230
9044123454
9305310342
9793111616
9793136661
7905809473
7007553304
9214248076
9320725777
9167342591
8800581589
9415770959
9889444490
9321233008
9838909999
9415011084
9984444090
8037762623
7388673761
8127175779
9871163509
7309107778
8188886707
9838680946
8318287047
9532199268
9794320855
9335229939
9415000465
6003000700
9278152252
9839269597
7800044406
8189005010
9721081098
8090809080
7703000083
7234930000
7080111579
8176068001
6304966763
9984444091
8601444408
8188850333
7522002115
9005009977
7525907777
8010600900
6390907023
8303806123
7668670818
7007515497
7081000573
8009881030
9580302710
8795838008
8318021066
9044050141
9696166634
8090023892
9161697753
8188034421
9044031758
9307887770
8004950802
7704965555
7054440888
9415013870
9453022798
9450804214
9560497882
9454376364
9169388348
9307632008
9559999158
9793243333
9956292768
7052777783
9005742343
8400221000
7376680933
9129187114
7376309393
9198780750
9415520273
8090052425
7054123888
6389201901
8127100555
6390907011
6389300223
7706800059
8765483935
9415403029
7753863613
7706000797
9307202367
9452176603
7408544111
9335814885
7905276993
8935003501
7985102641
9719277000
8896334006
8447547884
7355290792
8077871554
9369424206
8303508107
9956844229
6386353196
9336588715
9795368888
9695326334
9696674612
7390930820
9839846285
7523008663
8765012536
7880734146
6387222787
9335397373
7007065962
8114174444
9199661661
9151092444
7754065533
9455437022
9369111111
9792430851
9415901014
9451309837
8400709797
9919200000
9889098998
7080124444
9838741698
7415405250
9792970910
7394938482
9451545117
8177000781
9305492869
8953371819
7459015001
9918257679
9260989864
6394021022
9205134530
7052897313
9044800007
9451802750
7310101101
9161819171
9260959032
9452999036
9821171015
7235969181
9161100051
8953678555
9335203041
8448813148
9599775803
8071178187
8071178157
8071178155
8356842833
9335910355
8004750009
8071178162
8071178222
7541815971
9936044449
9984824701
8071178231
7905286222
8071178234
8071178285
8860480245
7704077896
9415402174
7054321489
8299466536
8071178169
9415468327
8423483751
9455324142
7755883366
9565011893
9670839868
9956768351
9307232117
9919766451
8687546582
9335247504
8808309660
8756562727
8756906133
7897113110
9839277778
9307206626
8069866612
7942725474
9935680107
7947463835
9795350501
7942725435
9648196479
8882191019
9453428100
7289900000
8953886739
7942725222
7942725638
7942725614
7942725404
8887641411
9336932687
8400006042
9129063760
9936177410
7942725515
9415583169
8044924960
8052332028
9119988332
9415190166
7985179450
7985715120
8840185667
9415964405
8188949800
9415995275
9670633349
8604459697
9005551521
9889170595
8953422402
9621762121
7985120373
9415328204
9580031245
9208162006
8957024231
7355501071
9919111099
9120922231
8707017008
7985581446
7376010706
7523092773
9170968182
8004008123
9621738799
9838185821
9935507468
8795448899
9984585777
7390030157
9580511301
7376304026
7355017567
9129232444
7376624320
9956015511
7800050976
8601876946
9936804420
8756110327
7007199258
9559491123
8860080044
8737081488
9616466484
9519994440
9997815251
9452330426
9044133672
8960619206
6391307777
6392500089
9559680566
8400951357
9839163945
9125719055
9794927333
7275546210
8317048970
9005555785
7985079328
6391261234
9670811100
7268855617
7860273333
8467866650
8881992281
9695643936
9026091708
8853327777
9120500340
7905452322
7533806727
7595268623
9235033149
8419880488
9044472814
9839017111
9506843789
9140597247
9118950777
8299046410
8090386019
8009532441
9554156367
9125529271
7651833266
6391126126
7755817222
8960259110
9335870011
8957475618
6392387448
9517566566
7991878782
8948062565
9910212207
8299544649
9554845313
9795373808
9794618244
9415470581
8881093333
9235788328
8887951482
7317404823
9451246767
9451133827
9369153105
8115778880
9580522864
7380365574
9454711758
8565978494
9036672270
7080087513
7905479303
7007224258
9807215650
8574481692
9454907480
8317060353
8604411000
9956828016
8429457189
8530206759
9918007007
9838142843
9415088456
9453561104
9450097010
8318872223
9236060252
8286314855
9889255551
9451062518
9919925527
9935011594
8127896914
9125728142
8081223508
9415017391
7398314921
9532041130
9415029726
8009008787
9956024299
7897055107
9559938440
9889541418
8400528544
8299308260
9335231324
6386241641
9415368456
7800122331
9795722829
7843860876
9335263143
7755090947
6393491059
8736920747
9415286611
9369350410
9554142421
7052019880
7379295555
9044969888
9450449130
9839487432
7232927399
9956632025
9140298435
8041017246
8400002944
8069955115
8081331454
8840858463
8041017383
9167998319
7052153040
9415086939
9535959833
8041017189
9535983292
9731034782
9731043427
9535939611
9535950547
9731074330
8041016881
9535977271
8041017375
8062709549
9535997079
8960606077
9455876876
8069955121
7007890881
8069955686
8044130856
8041016825
9936210111
8069955116
8062509262
8069955122
8069955129
8069955983
8069955119
8069955126
9731041579
8069955118
9535974963
8069955127
8064174981
8064174472
8064171273
8062509531
8064171237
8064174273
8064174422
8064174418
8064171507
8064174195
8064174086
8064171154
8064174020
8064174470
8064171494
8064174592
8064174100
8069496668
8064170928
7947467854
8062509337
8062509305
8064171388
7943443954
7947467795
8069955130
8062509336
7947467952
8062509828
9305640476
9598202222
7309991443
9555621445
8756079196
9307266701
9129180351
9451504665
9118593291
9452240424
8853658945
9616970786
7275271545
9305112361
9696668276
9450100932
9721156082
9598888949
9044506259
9026262348
9721786444
9839718997
9936243367
9336888886
9235194909
9451388198
8400512711
8756110366
6394887761
9889133501
9554499744
9415518718
9235781735
8932853222
9415575347
8299048342
9452297976
9839336209
9125517039
9335573519
9621403277
8924801655
7054131382
9795408099
9450647396
9839350282
7905155930
9839081559
9335903288
7860379697
7505088970
8960278551
8795167777
9559999737
9956329335
9026189885
9889338989
8957087554
9919740622
9452465343
9305047017
9140805075
9044547031
9389212902
8081109927
9369647115
9696323433
9532971810
7499411709
6387638889
9794705192
9161476462
7985835224
9369847431
9795266508
9565639513
9792677202
9807707786
7985796945
7652060930
9369524521
9450020205
9936000274
8931822899
9369702357
9839455554
7309609081
9335248051
7309749279
9792772736
7607774008
7784854068
7388441177
9336571303
7985352286
8171648032
7379055559
8299113530
6386771993
7007306284
9198888997
6388250723
8887768504
7007537831
9648424783
9236637619
9260948977
7905143317
8787268858
6393668969
6388275370
9889036830
8604919893
8400700816
6388766492
9450771968
9473692244
7355439027
8090395181
9506955587
9695555113
7275103913
7007335734
9628057108
9044742447
9839133669
9935966668
8700362679
9695615067
9565999111
9305468480
8299734857
9415842205
8299208189
6391763995
9451987023
9415140601
9935417049
7860855557
9839064810
9716778456
7355324783
9026353297
8317027905
9415409114
7523093309
8924809506
9839021599
9369228830
9997788861
8576959084
9411885188
8960825113
8960250767
9837774511
9838680158
9044741133
8957460176
7897392344
7007211414
9971230087
7007123372
9506290798
8887114324
9451230368
9984033888
7307124009
9452057520
9454680601
8601290798
7525099742
8090900384
8299572775
9140505867
9795382232
9161617555
7267072777
9451505015
9918678448
7007831603
8953997406
9999350638
9984446223
6387418105
7355503142
9956161861
9918118807
8318094273
8577000772
9919425515
9330427101
9151116015
9415158072
9305252604
9839527222
9452044000
9956666851
9169129918
9598062000
7236957777
8318267967
7054542543
8081470610
7839396705
9167359252
9167443873
9580211817
8808027979
9450095138
9336666777
9930706073
9721725777
9936867020
8037907911
9335906042
6391000131
9935591786
8291384969
9956667130
8037781478
6306167335
9335916254
8400100558
9415021537
7947140934
9839485090
9305673041
8948242724
9838666514
9415107506
8896094860
9415029570
8037908003
9569104200
9335222620
9455601200
9910489998
9005178259
9208002568
9838932132
8400099110
9415028687
8318183956
9415760375
9935833544
7843933227
8601188777
9956204721
9125951078
9415795647
9889199222
9839274878
8756655686
9935511786
7706003791
9415062742
9415026494
9935373281
9415546040
9452551376
9005044275
6394629366
9415109982
9044952111
7275178520
7755072957
7379767379
9415582159
8009628238
9044887829
6391656488
9839866694
9793694999
9140088537
6387623767
9839190785
9451297602
8932899900
9807527605
9336966233
9307328727
9839013510
8948733335
7052533115
9984942116
8960000768
7084701058
7499549616
9696918820
9839184213
7617802720
9305896830
7311155533
8045950787
8291018741
8071912751
9838279403
8004805070
9140746709
7309361234
8071909164
7704860006
9140267388
8188999894
8071909177
9721132132
9415141414
9044674475
9619019235
8071655075
8957980400
9167440133
9415400532
9167196394
9565696315
8879985797
9594820230
8175066816
9336675725
9167525907
9454357635
9198866897
9935358606
7007079191
9415156066
9140771381
9455099768
7393987414
8291210032
7905331811
8505983338
8071912757
9026023979
8795016716
9167401035
8071912760
9919526000
9731098780
7524009055
9919307000
9794539200
8929100517
7942728556
9594820166
9696228272
7942728495
8291199185
8045950828
9167455979
9044419016
7007026048
9167993623
8291935653
7275002030
8971559742
9307448392
7379034001
8726977122
7379248409
7706069107
7311133018
7275990811
8433336660
7522885551
7309777111
8756222217
8858943456
8318431479
6390045983
9044330943
9389811436
8400609838
6391999333
7379911888
9919742418
9559414376
9450637935
7310400405
9450609931
8881882200
8400000090
9456890513
8874205903
8810991897
9415426138
7706063333
9838441823
9335284164
9619927612
9235011113
9696768867
7355673890
8922886688
9936541222
8318241336
9335071387
8175051510
8090434858
9918812111
8586035838
9648313630
9619930358
9415029844
9839211899
8172878596
6387904634
7991258500
9696496396
9838771804
8887037338
8470985810
8400379428
9559300287
9935488000
9621787785
9260936562
9721677907
7880327799
9005777111
7310257020
9696777391
9935570058
9560706397
9919101876
9807033222
9919371919
8601323000
9170834007
9935775799
9889384456
9415949467
9935115786
9167687069
8299025716
9559354659
9580828826
9511117989
6387571401
9838099903
9557471004
9793030000
7380456361
8887570107
8564987725
8604940533
7309729889
8726644444
8047017859
9793353301
8920078102
8879885084
9415159528
9415018126
9140828799
9554526007
9415159537
9236109472
9935263400
7071188150
8840421331
9839109159
9838362087
9205498502
8353972499
8874780901
7007401504
9369991880
9044604486
9532642010
9452060809
8953888555
8920868952
7318473579
9335903725
9555369434
9044759565
8600134237
6394938473
9161606062
8957451667
9839502750
9161113300
8810707120
8044953407
9936869991
9559628648
8887539044
8869990543
8044953406
8044953408
7318331300
9696146316
6392110952
8960405567
9198343731
9792777123
9451000343
9554431988
9175172385
9607006071
9415334136
7007279613
9935851269
8299194052
9818628918
9839094208
6394660167
7887072466
9935573498
9838609964
9307989190
9415423595
7275367999
7007293873
8009522992
8299547929
9260994765
6387199147
8188882170
9454383967
9935073000
9935900993
9450237609
9519038687
9889735744
9956503786
9455583008
7355606887
9140565887
9936373213
9415003747
9839030065
9936411718
8563850557
9198463361
8787232070
9598466800
7309999096
9792114777
9161547095
8318171839
9554785552
8384859438
7607078498
7317602192
6392604006
8975764444
9621191919
7007656061
6395952025
9415084970
8953938153
6306454487
9919968051
9424715621
9628001020
7393900641
8229004195
9532527485
7007660154
9936952821
9415094273
9415020582
8318303075
9455106173
8090754040
7068559000
7522002315
8176875787
8400065664
8879984088
8881059997
8604720920
9023171733
7505839682
8650908077
7065521393
9559222275
9621909090
9335201179
8881199123
8960186655
9793325338
8009034000
7307598895
8047492524
9336734364
9450258579
9415905584
9454785219
8400002983
8047091106
8707849615
8355075990
8005009097
7380955557
9792111121
7355757141
9260913879
7897115898
7786051233
8318495034
9450652147
8840891863
6392146681
9838475161
9451386466
7388102628
8881516752
9354746231
9015414771
9918261909
9452543751
9453090621
9009002000
8045682610
9838635206
7071546003
8455958965
7007324800
9140458592
9580322240
7388102629
7843866730
9984666222
9415110177
6307352434
7985236926
9452781211
7007881976
9454606724
7800047165
7388102630
9565336699
7054962725
9140733547
7007323740
9984248424
7388102627
7231912196
8840208282
6366527063
7007281808
7652038734
9109108427
8957811115
9044997593
8112601234
9889193837
9919558999
9793527531
9506010010
9598333344
8303137539
9956585205
6394197620
9236810883
7234093333
8601670900
8090007151
7275927287
9873308603
9682088088
8874444601
9670441487
9044115811
9335878406
9628423424
8755587557
8808291133
9867549222
6283578744
8175959676
6388778077
8858617564
8318479667
8847345922
9935470728
7838228265
9482742503
6392128685
7007583510
9454321574
9369880514
8840382835
9870309860
8382807513
9696729407
8770109906
9860928038
9415289111
6307001640
7588226015
9838003789
9988593040
7052272510
9580291873
8922998464
8795215482
9415225267
9889093138
8887865442
7078841000
7906190933
7071842141
7276341014
9919349393
9794448285
8188000557
9454794973
8318848285
8738060535
7905387412
7307719687
8887785303
7905770968
9450863239
8318060221
9198336287
9455547779
8071912474
7881198989
9919998777
8887801834
9026390770
7393866640
9415576004
7905509722
8071936818
7800046462
7754009712
7007036602
9415942399
9415001166
7618929753
9119613333
8957015504
7845535587
8840540204
9450113466
9699711425
8299426861
9161879415
9839869667
8758410000
8299820124
9415759301
9759646979
8303806920
9793715300
8840788762
9919373646
9839022973
9335541302
9415437358
9839276673
7379433957
9452314888
9140491173
7376414180
6307050915
9456449212
9415446646
9793256567
9936877741
8009909901
9519441419
9415787903
8881000813
9335300898
8957710507
7843817595
8736000094
9473829739
7651890550
7270964626
9621956665
9336193635
8423296059
9305521911
9305858218
7071565393
8840231884
9119971113
9415085899
7275101000
7800093111
8005454000
9984933339
9336184570
7678888839
8542915453
9919006161
8874942473
9565508888
7398413465
9005996371
9335235101
7007095442
9511445444
9120504345
8563820264
7652041751
7275883354
8707679819
8573025514
7905645146
9335531881
8177014556
7011267676
9936048772
6306514990
9919103078
9560556567
7310108282
9838853777
8299103216
9967670662
9695602474
7007796177
8081826839
9120788866
7905480310
7291975229
9307712313
9935055789
9161352045
6394305355
8542841114
9335666669
7068907681
9554907185
7007237006
8090010607
7800019500
9170197555
9335242970
9305999907
7388909911
9450038792
8400693715
9670281666
9278114526
7309081166
8037784202
9838439243
9111001234
9236531661
9118627116
7311169616
8506865555
9721763349
9936514266
7525045994
9452743912
9889867937
8575802370
9140179537
8601615992
7398623742
8382806655
7007673039
9889587809
9140677975
8429262928
8953285993
9580588999
8181040977
9198692186
7503652333
9984444740
9911226012
9026200046
9889683302
9161224477
7905709297
9999872709
8960199858
7393073304
7785858374
7355330103
8400055716
9044453503
9793211116
7007135974
9696515527
9696772759
7985050386
8317017952
7800000035
9711755453
9935373737
9569066114
8004161616
9793585780
7651812118
7398302302
9415177476
9335774525
8881624085
7392805155
8756917771
7651901341
9112512512
7080807024
8429211999
8182886557
8423928432
8115158133
6386673640
7428912220
9838448897
8808062222
6386941065
9453013641
9027291211
9450020300
9984110232
8563897950
7080581133
7459993959
9140347920
7783935263
9717832799
8127926637
9580425247
9336157106
8826056620
8881258883
9335274024
8574653463
9793600002
8948054817
7536019621
9935283431
7303393908
6387062884
8765234971
9889964784
7007351725
9170031115
9919653528
8127227284
8881603939
9580488517
8005757309
9118222831
7417324465
6388106990
9473763134
8400899993
8545995433
7525888222
7007026448
8948382831
9794907807
7007760406
9559972216
9569297810
8777705618
8707024158
9717328349
6307036090
7007515482
9140391184
9956956696
9415242490
8429398510
9565757739
9654149692
8840163547
9198522205
9519070915
7355197572
7905569751
8881993993
8005483035
8081199993
6393868664
8601017777
8948351374
9119997555
9554505918
7880509149
8429987777
6392401012
9235811240
9795427526
9936405154
8209953515
7703006243
8957999319
7388046063
9119662007
8960061385
9844385073
9889920230
9115075751
9455119912
7985647542
9520230110
8577827023
7505274198
9235652368
9919019066
9519213125
8498061888
9453616035
7080487058
9921425096
6361101187
8840048194
7237841881
9935364157
9971605903
7355525183
7652028004
7669787675
9795770733
7905387643
9118178051
9335927200
9695563964
8777294134
9250766624
9415001406
9415012530
7068959393
9006656896
7081111070
8090829260
8604000008
8115330536
9948383446
8756097916
9838569490
8354816088
9554441117
9311127633
7007637911
9389409733
9026777663
7054448881
9453242206
8299207159
7800854321
8726664000
8528719311
9838383650
9415027706
9532116395
9140324522
8736860717
8860757649
8299055990
9838537711
9918219111
9696015858
9793332534
8382022553
7275110000
7905611477
9454154050
7388222207
9140527908
9335611894
7985841550
7379666622
7007573652
9369764042
9582061610
9628055111
8840133701
9919500054
9554406888
8005331110
9380947319
9839836095
9140779702
7007954566
8953423604
9369556052
9453308133
8881113599
9918001286
9794200200
9621056436
9999122033
7905866847
9935775544
8840316573
7860922221
8858230920
8737038342
7905466076
9044489595
7398077598
7860558585
7572032777
7459903215
7905550853
8318009622
7310000413
7838338437
8953182925
8303111100
9651161792
7619053637
9389926044
8881881919
8447588882
7007188143
7310000330
8306787652
8799769434
7310251337
7398380048
9839537699
9305451301
9151555422
9935235555
8127736363
7668211116
6393453682
9120277738
9794279186
8756000222
8853977158
9452091673
8299109938
7905519744
8353931494
6386999610
8381862637
8604966535
8368231966
8181000018
8881081122
9555294990
6392957371
9026233953
9651819311
8299213647
6389102102
9619118000
8601102108
9455490905
9999168707
9125705700
9451781905
7800543595
8840449277
8318405657
8174940880
9651428913
9305247276
9795844012
8887835788
8299866151
7311169992
7398475499
6387318543
9984610006
9210002323
6386913090
9984842121
6394972433
9984102102
8920919203
8787017236
9119846240
8299446768
7755887476
7985835453
9651743032
9648472261
8604989471
9839841549
7985548629
6386630537
8071820502
7851006719
7317317300
6393600008
9670995277
7510001424
7065057065
9919990957
7080166666
8808880070
6351548067