6387637074
7800111114
8177075844
7007848717
7007798381
9335912829
8808445000
8112312344
7518400400
8182875927
7309032611
9717169821
7985156983
8601859093
8953998622
8318527077
8874474499
8953763337
9335742468
9793547348
8423100200
9454929999
9559992120
9454992227
7518400402
9793115487
9616732222
8601801678
9369233750
9305811623
8182881881
8953998624
9335090393
7309010601
9219617452
8604411601
8960837700
8808011133
8419811111
9452474301
7388730786
8009905855
8882553333
9793446999
8896376488
8858272865
9838580286
8953998636
8097482510
9415688632
6390919292
9305811635
8953998629
7080500522
9219978735
9858455000
8840446588
9839034133
8182010099
9415058148
7233004119
8299772585
9044013064
8840767438
9839475464
9935045658
9235604276
9696265555
8176800817
8600798904
8687855487
7388734786
9889889371
9169665409
8188885500
9336704363
8068434180
7499316077
8045952717
9140332019
9151209000
8081048334
9839126699
7518602901
9919999916
8574400640
9453500000
9415103131
6393751100
7307471035
9451910324
8808802333
9651235822
9506012000
9415088759
9335939101
8115467741
7052522999
9119974033
9839013222
9415501705
9565040796
7081204445
7755871008
9511118670
9918816852
9792385000
9648007700
7897577799
9721022111
9621490476
8953240307
9919997089
9919909895
8400034311
8048123467
8009620640
9807221296
8318820113
7800004561
9838263355
9839063354
9838199007
6293866666
8115515562
6392087075
7307054542
9453900314
9918001490
9873980978
9565480000
9452065021
9956118777
9936000017
6307478778
7080546433
7318094389
9536319443
8765347853
9458706600
9670818953
9161287355
9628333522
9956188002
7307119890
8707506142
9415190326
9214770870
9792333303
9792333333
7007551562
9450291467
9450105515
8881347474
9170625557
9648113909
9670080005
9911701701
8808377786
8960439909
9919113672
9005607508
9569092047
9838565586
9044282362
7499737799
9015335461
7080804045
9839905054
8924827274
8601111159
8858679089
9793100110
9889822309
7080804046
9415770493
9307815999
6307007451
9918126748
8037221104
9838518796
9415547480
9919791909
9795269435
7007871581
9450768719
9336701174
9838947172
9838765789
8867683598
8318041649
9415066555
6389445000
8839423418
9695703993
9415181144
9839196400
9565999911
8045952093
8960200830
9336284047
9894040295
9794799186
6307318408
9235882018
7991927857
9935602348
8960371767
8795963271
8090454565
9335208329
9653061644
9813158809
8400900708
7318545489
7753085012
7755099938
9794413321
7309161718
8840661266
7388100413
7317000422
9956785078
8840985427
7703074621
9335356001
9305657172
8563065581
9369545576
8840205989
9935348899
9170225533
8318914223
9918454689
7317000421
9389344708
8182841060
9415545339
8291857241
8957509291
9305670822
8931007900
9450539799
8577048586
9794706178
7237088088
7521002250
8400965357
7311188310
6388044628
7905767480
9956080686
8052760072
7307049706
9389893307
7705941801
6307009515
9170565246
8810729357
9792585354
9451330700
7042023373
8601445555
7088966927
8069049763
8400540301
9795440009
9415577933
9235432681
8988988787
8090926006
8738817796
9956784545
9889720689
8299247307
9005088408
7844933515
9450390820
8853368886
8874819747
6389351023
9415016818
7619885281
9555230938
8881110685
6306477724
7905385807
7983108243
6394099737
7860559827
7906510197
9628060950
9454520101
9452242775
9129978804
8299839735
9451394503
7607915959
9838662565
7518100950
7523868301
9170575793
8090753057
8400000042
7905533071
8471016723
7499966633
7393945562
9696145300
8175956711
7068845562
7897001717
7084271813
8181829163
8948420234
9559060446
9958066951
9004950775
9076600211
9336154344
6389350888
9511032229
9335215414
8076221806
9044413579
8960576672
9793528883
9026040673
7233008012
9935252525
8400596000
9454376656
7607761499
9956466666
7570007990
8546043219
9511113220
9760276703
7054306610
9205837666
8318515819
8957590441
6392773828
8604622864
9807759452
9415014042
9936696798
8062511519
8062514261
9839622998
8062513892
8062513406
8291015291
8062510853
8062216259
7567568881
8929759586
8062513340
8062514213
9696557700
7394844707
9918800012
8062510823
8062511795
7045175865
8062216293
8062514327
8037580960
8037070557
9167381589
9335938451
8037580942
8115254444
7007608320
9167392459
8291096861
9598666666
8657589118
8062514255
9619941625
9919800461
8062512161
8657589281
7703010250
9670000415
8879370254
9119803462
9167989724
7045176127
7971266528
8000426272
8810628499
9555122000
7045176148
8810717490
9519886660
7311191172
7900580051
8956317852
8037530550
7411781334
9335938450
9919800453
7567567784
9335793036
7360000020
9619921472
9919800055
9648868143
9044791000
9619358264
8081209768
9022913969
9335299871
9619678591
8009772222
9335043731
8004444786
8948666666
7905248839
8543995567
8282826826
9026842208
8037759630
9140819740
9118887777
8188833332
8874569736
7784077840
9044135415
9935517255
7007371918
9918222210
9621333337
9696168583
8090288076
7706075068
9839269009
9044667788
7007259746
6392798847
7007089974
8529170544
8960787627
8604399085
7983268491
7704888444
8604811360
7905157150
9889009010
9305673161
8081313760
7007503772
9125507555
8004286210
7905149269
8005003533
7905976501
9936654493
6232414410
8542980053
8318052430
8429705255
9838098389
8081478847
9792746118
8423874020
9119991232
6388169752
8055008805
9935747751
9151005386
8707348885
9935321798
9580943005
9653040720
8318787277
9554955400
9151116661
9651366370
8318308361
7985693870
7668383381
9118582089
8604707402
7398909414
9005479555
9956877786
9452460628
8874607087
8381846444
9355615737
8081530821
9565991999
8953831783
8081767425
9559045450
8604083200
7905028103
9118410168
8081274447
7905741041
9839623656
7905633955
9956980442
9793123456
9076669707
9839536000
7080996018
9415180146
9889587637
8808554321
7275506471
7860300000
9839007524
7607567772
7355486341
9335734908
8960700005
8188883855
8115116116
8687518288
9451917121
9956178001
8052786369
9129490254
7080908090
7052576687
9335927259
7844967786
8303462494
9005601944
9628487700
9794212345
8800900009
7394862223
7800784784
7800607111
9511119636
8655841548
8573894565
9450018374
9580571112
9513244317
9415408000
7317477232
8860822191
9919003384
9519888988
9569316152
8960628965
8604614249
7887279097
7518837042
9236607083
9795495401
8004566814
8528130263
8887530173
9453950651
7398869897
7860538261
8354859911
7705032776
7753926567
8726148601
9532851391
9235000083
9415584444
9336826044
8069875273
8931061210
7266035328
8875210185
9935774182
7677250250
8765233233
9118668777
6391611301
8869955796
8840157552
9984356754
7607010383
8318092045
9369956996
7897878376
8800414848
8160470487
9554776888
7355341113
8881884845
9958203983
8604544046
9415171345
9125555310
9580351231
8960822031
9453087410
6390006002
9534925555
7505384268
6390708090
9198927927
9415656096
8009428888
9621087968
7905641993
9120378380
7290003940
9118185111
8400066777
8604066766
9450610759
9389499699
8175009700
8601436715
9335818015
7897123777
8765136871
8002558860
7394098170
8115117298
6393746051
9569329211
7311160111
9415084010
7703030397
7317714945
9455826645
6393585782
9889878358
8960211222
8468066352
8765513970
8948446804
8953070767
9695014444
9005650822
9450368786
8828485660
7908151966
9415007203
8400666607
9451949055
9696905002
8881882525
7887011888
9026187503
8976910162
8400400503
8953888885
8187951539
9956641067
9565557444
8887804331
8810707126
9455104238
7309260908
9336301338
9129963645
6390008686
9327957803
8808898549
7428235090
9580451048
9838790014
9389540291
7317080808
9415762327
9889783578
9415005262
8044939289
8956769253
9369080360
9936800775
8881716938
9619030396
9289297953
9161872760
9005549995
9198760900
9220199588
9305672864
9305811346
9956227315
7880695239
8929301623
8383056610
7007326371
7486861327
8604821341
7388844444
7392874077
8929301621
8826333706
8707549703
9129034872
9415177641
7510050020
7408332275
9650407082
9044273993
8069866628
8090510457
8448182011
8808786444
7081807792
8948657122
7400089195
8468016192
8009447009
7428495289
9140706090
9415015786
9794635268
7066967369
8069866630
9118093336
7969727779
6394958386
8090094291
7499107567
7897278618
9889555786
9305110152
9044271549
8044939294
7428295300
7985454056
9415086885
8069866770
7019030117
9953225125
9335382526
8264861482
9415861120
8650330000
9335177775
9076742481
8957926677
8887222004
9870200541
8447738112
9450092017
9458668577
9450952040
9648885410
9140266498
9236612087
9956695546
9984999994
8127420414
9792224404
7754834151
9451057567
8081433972
9026329200
8840158564
9838282974
8853393045
9838952724
9696258593
9838585569
9455040373
9026647832
7007360189
7505386140
7678907914
9598280000
7458873333
9616133798
8887805209
9307082011
9670860569
9935040007
8765813102
9838991114
9839571998
9559580621
9695312473
9554848031
7678857514
9305266259
9839369038
8960146409
9454987008
9616688886
8423639391
9415151916
9956099560
7275084757
7311111645
9935002441
8756363985
9919253851
9170747917
9335244392
8112731129
9118362876
8009155885
9453849293
7800777979
8081332601
9598266555
8400333036
8318566502
9151100111
9140170393
7054848484
8840402268
9807535472
7355090956
8037761143
7355525260
9236692364
9335714290
8208848682
8840005229
8601188156
9214135849
7080170001
9513234438
9236595020
7518920445
8528596656
9355590729
9415016478
8707095798
9198426464
7619976199
9151841309
9513384275
9718888344
9415012178
8318853839
9335902353
9415021984
7026295353
8657588404
7052965928
8563967881
9935228509
8188838838
9956228459
9795720993
8043694252
7398225377
6306840024
9628096416
9918642259
7007569124
9161911008
7700048341
8188801116
8896369577
7459915906
9532493788
6307631630
7275541574
9026540219
9889018906
7275724232
9007172142
9839125400
8953336699
9838589208
9628949343
9971458539
9554089275
9026981245
8562981654
9451904665
9532146866
8957414911
9415150078
9984879340
9889557339
8601664099
8534889885
8035469381
6387622108
7007250308
9305054986
9984899786
9336288077
9454862727
6392225313
8035469382
8840966829
9598631215
7905735040
8035469383
7268889885
7307927534
7270001868
9026410226
9161144747
9369146404
8840665175
8035469384
9335149575
9696426045
9305710091
9415425405
9838074625
9616544778
9651632333
7217660401
9616411115
9795964616
8318261836
9670000360
9838196677
7305770577
9450758713
8090000614
9005718786
7398607607
7505818999
7499983368
9335720814
7991945882
7905688021
9307461700
7925461202
7980015904
8707799247
9935979234
8318981914
9335232075
9063189306
9670884247
7068850060
9560786792
8799549777
9335742138
6306040771
9935569181
9794957932
9455823533
7881155786
7800721470
9369412510
7800699208
9839645285
9889677755
9235050567
7916203265
9554444424
8127492959
8736008981
7619271940
8960663010
7355132678
9214097167
7071333614
9838580778
7376358476
8130693767
7525060606
8874209362
9511186401
9934790465
9936135420
7080102111
9807270095
9026898881
9919208586
9451551599
8090718817
9415002238
8127497983
8090590774
9369551695
9956206144
7800400390
9793333353
6264374107
8960796229
9616715732
9935365068
9454107870
9956928145
9889287785
7355763758
9208864409
9005169040
6394162628
9838763334
9794444468
9454887790
9335036216
9956293189
8081364555
6392307937
9452678901
9696586848
7518777888
8004425367
8127776198
9919800337
9026897875
8318436927
9651444251
7755005959
9792006234
9415021319
9451167600
6292117028
9415330844
9044552892
9305456333
9044666666
9451144365
9768244995
9839213331
7007569005
9129768558
9453848740
9451908513
9453087572
9696960797
9140391270
8299637833
8840472507
7052947752
6392814426
9916467898
9933196919
9452965393
9450951060
7398123475
9838388666
8318569947
8957199050
9305805241
9149758668
9935155537
8299794812
9415106139
9335288303
9415728628
6306886099
7905140530
9918094192
7905553224
7007676123
8090900001
9935001276
9919379466
8090000641
8005117117
8881888324
9839964654
9696669595
7571020306
7007527694
6391988888
9971619593
9454699045
8601969777
7619011112
9560517601
8874328191
8881355888
7525038177
8299331795
9044138835
9140951191
9839163047
6387373636
9415335298
9628182818
6393255051
9335896399
9125972850
7897792200
6386724075
7307882497
9005786555
7380800002
7565005000
9369135069
9839929829
7080239495
9695970006
8009796066
9129996544
8127646666
7905120760
7080157585
9335277778
8423996563
7309030410
7317784699
9044451517
9140975742
6387824120
9305828238
9889598848
8090252525
7380665222
7523836185
9198693549
9120008000
7505968949
9839061854
7380677038
7398085470
8423838223
9616285367
9415742348
7007723685
9335649696
9005138723
9219709613
8299637649
8318838384
7355419390
7355463017
9140732662
6307440761
9807887799
7080526506
9335488871
8896771791
9452260001
9984262480
8299357763
9953468983
7607674235
8299535334
7347871071
8172830761
9838453790
9336218541
9335240583
8303766119
9696583606
7755078078
7860459719
8318188897
8429114444
7985364155
9935433888
9616724488
9369023118
9956922257
6394967083
9140710846
9721022225
9793185197
9920825205
9956530126
9696798929
9565277379
9335085702
7897913634
9453054951
8922832086
9580691008
8687281414
9598746072
8318303981
9936651235
7880366480
8808393732
8765959555
7052516666
9621786075
9839233433
9369210873
8090528020
9628370655
7985812480
7521913446
9918846217
9335324553
9369772183
9918100808
8953022630
9005483815
9451562150
9984254400
9935389944
7800005384
7235007575
8795844747
9936540537
9936009179
8545077740
9936149824
9005605081
8052416673
7905421314
9628988983
9452351453
9511049325
7525996387
9616471111
9026341516
7571995485
9307197027
9026348358
8009706682
9452784666
9650349877
9335726907
8953455008
8037580043
9918100365
9695448017
9532197319
7843984445
9140696260
7007057549
9140459881
9670591658
9415007370
8037530227
8303484656
9235230481
8010084826
9455032505
8423628554
7007409228
9450717410
7607302816
8108816111
9792865338
9305660425
9565000080
8114022625
9598016053
9648509385
8528365767
9415578821
9696425365
9936306756
7065003308
9450645613
9455088000
7007799478
8931894552
8447445777
9236178955
9454288900
9336001694
8303549761
9889587988
9781166826
8381832745
9654145658
9838835730
8172888843
9450930724
7080166662
9721171545
7985659698
8787279307
9120408285
6394027905
7054089000
9559012220
9919101411
8009115455
8081795147
9628191191
9648171546
9335516162
9800960097
8736800610
9506672259
9415235691
9511118180
8400882721
9170054374
6390900303
9598670008
9389494600
9696683846
9307917756
9794485063
9140915510
8957866426
8528686585
7355537343
9369154265
9336149904
7860101010
7800120790
7234081371
9455326741
9335912933
7398494389
6393907211
8400228596
7309135133
8957127892
9305843399
8564909579
9452800786
8317082785
8924879229
7388911773
7266808033
8840699965
9807366087
9119853354
9125473562
7236898042
8382073382
9250781883
7347815604
9389460198
7985766246
7052486145
7068968810
8957533840
8800320684
7318222513
7309602399
9452295275
7007287615
7054382167
7860170634
7477036249
9838150000
9889436936
8127468086
9120745758
7007959324
9450068609
9792207674
7522012382
9696509855
9450458752
9839952273
7800263157
8887728445
9795843764
8960444921
8881878836
9838274047
8037710349
9335901724
6391599999
7007170898
9415017938
9415157952
8799149950
7275762477
7800241391
7844803191
9936988988
9415408279
9517612418
9250533053
8009888324
9935080895
9415101320
9235608281
7275044267
7897672600
9335750709
9839379988
7206947359
8563966762
9148349124
9839302036
9695388391
7570897876
9198555000
8127517777
9450917035
9506345176
9076100986
6390002400
7007221175
8044953324
8591402661
9076097088
9594025038
9594191334
9076442115
8071890085
8874040100
8692013228
8071890070
7897993388
9076490855
8929991523
9335267780
8853284102
7290045485
8044953320
8707434068
8044953321
9936098107
9711635497
9889168950
9140790128
8090509413
7007928991
7065421415
9839015855
9651734946
8044953325
9935885951
7705908444
9565553444
8065488008
7985882399
9811071088
9971749991
8176040161
9125242465
9415306666
7039002709
8355006698
9839289856
7039002706
8071325563
9889157777
9917098996
8948888887
9839256006
9511110078
8299169343
9839042105
9721000337
9793002266
9695634793
8048009662
9450024546
9005144137
6746649161
7562003544
9335907774
7428292636
8418861886
8065486292
9044444430
9560773418
8604003838
7007917767
9919364330
8071325569
9628370397
8859928409
9511118936
7392949965
9369213200
9651559555
8400755666
8423100556
9956694367
9559612403
8299833041
9335540800
9151261415
8881416666
9120003793
9794590111
9511165886
9415014987
7607610033
9919911992
7310100400
9005165551
8960000607
8840237228
8279431442
8840287932
9839073599
8953033786
9415001908
8303214040
7081796777
9628061156
9935470004
8423812408
9305046194
9889599797
9936666791
9473565690
9839793584
8009613008
8004615957
9076781571
7985394129
7379278999
9794723361
8044852766
8400715572
7311123470
9594904416
7905134906
9971594773
8601333444
7052897112
8044852796
9415088176
8707597353
7311101956
8881206888
9473826995
7905201334
9792501234
9839287455
9044730618
9935113999
9918906241
9415866404
9454971600
8953841637
9956309992
9453946114
9616125261
8299746056
8299146550
6387066372
9415020938
6306588686
9235622204
7408354777
9415327186
9648786222
9415408616
9731070018
9565753000
9036024411
9415470812
8574977847
9731058461
9519956665
8528014430
7376787037
8090519511
7411862441
9535949511
9731118341
9535995041
9005866786
9453428534
7411860247
9731078194
9535987276
8045262214
9918040999
9936868926
9665071999
8090151222
9731153455
7594002506
9708094321
9731061269
9535958009
9821857765
7411865590
9731125342
9654396642
7942727449
8401249947
9731135287
9839166338
7942762795
7081220800
9731041229
7497979696
9731143458
9454365382
8041017345
9151300111
7991576665
9731041490
8069617293
9616099126
8303086489
6393216050
8976225662
9821570887
9731080267
9167144031
7411865913
9307986961
9821478426
9731117347
9807194447
8948153796
7411802523
9731024379
7411860164
9731145674
9731084169
9455222862
9616502044
9451951057
9005316726
8853819264
7800475151
9794640558
9125177204
9839933221
9415545243
9919001989
9415767721
6391981212
8187906088
8810882500
9044730631
7080903539
7355379235
9118883522
8602705500
6388763123
9044595859
8188888788
7007552746
7007783855
9565000247
9838717866
9161410666
8318093175
9619887358
7897132457
7518833349
9519616076
9936470328
9956986141
8299465090
8299884751
9561942421
8577077072
8808881118
9026361448
7317037317
8299056395
7851841100
8081390103
9721286629
7651936061
7619860098
7080080093
8318538660
7800006638
9580001316
9555649104
9452671012
9554900090
8604126283
9935671695
8188991984
8318804649
9305138884
9696384609
9889091166
8090678173
7572001200
8860525676
7459995660
7398933331
6393350933
9580153765
8114219941
8601752980
8840401627
9519260059
7007184689
8127777730
8400674754
8299420768
7905669981
8558818148
7408168550
8188999989
7007063633
8960622200
9415798550
6387652703
7800742425
8932969446
7309529007
7007155453
8318617615
9690777535
7081000911
9369253254
8353977200
7007527466
8960266003
9721678600
8960131563
8707791295
9219393008
8960418286
7607559138
8881804666
8896311885
7007131031
9889949838
7992048140
9565676777
9307886286
9151035985
9151666535
8176920585
9129133331
9651786786
7275255562
9554568405
9839948887
9839072486
9026578545
9305072055
9026671697
8071325664
9149069853
9151286201
9793115497
9839361095
8071936653
7709191886
8081948887
7042330497
7715096971
9839568516
6393182318
9936948887
9889564082
9026318260
8004414044
7607515936
9682481111
9838617750
7380741869
8840983312
9336123874
7985430389
8960073886
7459896446
9415922901
8172909044
7905695033
9369593591
9838609857
9415016862
9129088433
9795238895
8318203824
7905241750
8960716723
8299893715
8853383042
8009509204
9235718528
9452151946
9336015011
8299446744
9369205077
8931053319
9919793633
8808670126
9151777096
9795094263
6307114137
9415066935
9621808554
7355937018
8756999608
9026550271
8081255040
9919250111
8052280523
8931815332
7704062081
9559644553
9354990948
8574998187
9161910316
7398806488
8953921118
9839081970
9761671111
9839700664
8400119200
9670303030
7408539685
9005586622
9810966526
8960522000
7408944361
9044809762
9120128581
9415303857
7800108617
9335615543
8177036188
8081705237
8127596389
9335768359
9415285891
8960933273
9918500309
8707411068
8795153950
9454187821
9621510000
8299148034
9415418143
7007103623
6394949581
9565017032
8563867808
8052032654
9026476633
7880333797
9935856034
9454501104
9044482137
8765777797
9935219600
7800777993
9125903821
7068551009
8529416877
9140864756
7607350078
7355484598
8458812999
9559671111
7234088884
9415520288
9650797142
9264932508
9005536266
7607393399
9453474709
9936703559
6391155002
9839120230
7388187978
7275916799
7705913410
9839126657
9151319151
9619187640
9455727788
8318437284
7007384078
9214038244
7505639023
7705827489
8299772581
8898888806
9044560863
9415267837
9696260767
8795398500
9870768559
9839013660
8115254254
9335818831
9169433243
7905398991
9415043463
8527844005
8840595590
9795500456
9336768443
8299593789
9044495114
9129869226
8574436598
8177000316
8381888881
6394148909
7053509358
9044482222
7860605786
7618033205
6307244317
8881804131
9415029180
8299268065
7991870570
7905461922
9935181818
7079490430
7905863361
9559706999
8299425338
9112530218
9621439272
8418833000
7394975970
9555162833
8423533858
6390914888
7897799799
9565443351
8881110390
8303000300
9889333376
7080351472
8090365075
9756092983
8182086112
9628006652
9717527456
9936494777
7985086724
7080346777
8574650367
8756767673
8881361111
8188865234
9956871075
8090792181
9560982821
8299500042
9335712174
8318007816
8004803912
7388723712
8081105009
8826091505
9335785354
8299583694
8853662164
8299426266
8252897023
9653015157
8601489763
9506688867
8318235273
9335232667
9140097029
9956382552
9839368975
8896253679
8810789021
9919663555
9682979899
7985689040
7905184632
6387217377
7238001002
6386069268
9140809272
8299763922
9452293243
9005999457
9792806211
8795090773
9305805240
8881999204
7355431705
6394725804
7081365110
7408423070
9807255215
9415919651
8115560688
9044907770
9219176376
9838000219
8840664625
9517555955
7827991006
9670859598
6394631047
9532730724
8052511450
9305805243
7007406808
7007111430
9918391660
7378741901
8853567103
9335080826
7860001816
9721255456
9235005060
8299022529
9628201185
9335344898
9839011373
9555810362
8004001475
9721933922
8004921856
6393155250
8303291866
8840690037
9450912008
9454061289
7905369527
7985977818
8574994917
8090948533
9451388005
8052395410
8318265848
9648173179
9532075220
9935429853
9648664866
8173010935
9140033782
9415425152
8971718359
7007071491
9140923058
9005066662
8960357693
8181812020
7521001707
7007892752
9118455541
8756100444
7651834375
7518666895
7905730893
8726751807
7275341002
8009437238
7052990742
9044220025
7897666668
9956080002
7080940189
8687276120
9453326595
8887663499
8318590278
9919311115
7518003104
8840559080
9794503777
9755939921
9129266331
9026130896
8081757627
9696422524
9161431431
8687688080
8317028435
9794447833
8601333363
8948770441
8081816740
7992024390
9453472994
8879224873
6282998749
9005050453
9889668858
7523800782
9839338174
8291250181
9794973917
9696851676
9335250053
9792006256
7905612221
8707476549
9695276695
9839687413
9882244684
8874056853
9807606365
9839094545
9044711111
7052991111
9415796185
8948291301
8354808215
9451897228
8303543831
9415665518
9451866005
9696540630
9213913370
9450250000
7007815285
7905976610
9236130500
8299352478
8765514256
9336857533
9935224400
7985132735
8318787031
8957005151
8506061617
7045006060
8429147746
9839280986
8468028426
9721753658
8957171878
7275279449
7275246641
8240002397
9452678111
8707276859
9918128390
9936861715
8896157238
9415516516
9889794545
9415993547
9454274976
8005414244
7985493687
9695903405
8178650511
9120512712
9580746723
6393389887
9651929051
9936423621
9335334667
8400000666
8240884012
9580301000
7052295665
9179462348
9415466880
9305707612
7985536166
9696021199
9811705912
9062877853
7080306007
9935503030
9415547869
7080944634
8574140488
7355269195
8100154008
8127021951
9936153374
7355737324
8756294332
8960933393
7706094545
9415005353
9125982477
9670849963
8175860568
7054167054
9236694443
7000568294
8564856770
8935002651
7307507050
9918838833
8960099939
9115210303
9089083333
7269857274
9455335566
9453636302
9452004222
9161903777
9919886655
9219958413
7236922700
7355772070
9415142134
7390953155
7390000999
9305409995
9839730378
7800042478
8707850170
9450094401
9918488444
8799484414
9793583666
9389089308
7007194312
7275222222
8960015059
6394348339
7007877205
8932000210
8707075600
8285100260
7851932847
9695639585
9936364753
7800751004
9452880011
9839711013
9369503493
9936285073
8270482704
7355304629
9369334282
9919400828
7905839040
9695272102
9335706441
9450326165
7860277415
7827999000
8787055992
9771154840
8840816061
9151577785
9335916662
9616966665
9161034777
9889941007
9532100030
9452519949
8400079999
9935867341
9415020410
9415093969
8573966623
8726701199
8881318880
9450400718
6393228771
9450461278
7905000264
7007762963
9415754374
9005403740
9455035127
7235000499
9517633300
6391112001
8874950473
7705822222
7607999872
7318484848
9795758152
9532157955
7388111102
8858717348
9936108875
7706862250
9721459758
9792602174
7042424242
9369447768
7518886661
9119900935
9415028312
7311187196
9565700055
9519022227
8172947730
9559628670
8100002838
7525814999
9598074246
7052162071
8373916992
8004975505
9161931767
9151044479
9984770771
9792174333
6390178883
8924037933
9984766668
9335282783
8400308400
7311173777
8868832688
8874399998
8808880410
9140690237
8090088019
7607715127
8114088888
9889085000
8948688881
9936614555
9452681694
9897129002
9795548206
7607284142
9971405217
9517422291
8000080922
7754053453
9415101202
7007752219
9554958952
8400509494
6307034789
9235511031
7398093599
8071889243
9899323966
9695031540
9451570150
7942760671
8299729020
7942761681
7942761268
9450784556
8071889431
8071888478
8037839693
7412079542
7800746052
8574538760
9305866159
9918090263
8777624378
6388847623
8657511075
8037468389
8071889310
8707635348
8604623244
7565086921
7942759607
9889805808
8601775215
8037467569
9839093379
7942760012
7942762322
7942761672
8045950392
9628757694
8071890772
9999045974
8037681669
8045948265
8045950310
7947462477
7942810521
8037604078
7942761853
7942760954
8071891583
8071891594
8071496905
8071496527
7947463553
8037468205
8037001511
7942761308
8071892081
8037468341
8071496264
7942810545
8071888408
7947465315
8037001807
7947466367
8071891609
7942810550
7942810529
9452203048
8037839651
8037726179
7947463814
8071892225
8071891207
8071889144
8037470122
9415011499
7947466418
7947463878
7942810526
8037001321
8037001356
8071890777
7942810522
8071888875
9936628880
9305150500
9760097081
9100320031
9793673659
9807198888
9793686833
7007997234
8047759125
7839528488
7607778545
7800001179
8896905319
9336411421
7390997399
9651786662
7309306015
9838078599
9335222555
8176930390
8429094488
7522818049
9559199325
8808851652
8543077977
9794216767
9451260789
9198483820
9517286642
8115766421
8668210745
7460916309
9956973891
9452000089
7905113227
9721744999
7388869999
9889375303
9044833555
7525045998
9936158886
7905339856
7905802595
9936231000
9648111197
8299622196
7309252227
8299143679
8840298542
9129294153
7053096976
9335439335
7309650036
8423592110
9120160001
9696153701
6391119222
9506421123
9336939068
9795405324
9140505474
6307080414
9670110572
9336490344
9511181999
8423250235
9839343666
9919093663
6392865568
9454461808
6390905100
9711741779
9336969289
9555248236
8874598670
9454712262
9839001407
9792848568
7706962293
9580689400
6392230461
7860813786
9044909295
9721233321
8037762766
8787271543
8037762787
6307744578
9026885584
9580350425
8840799618
9519990088
7753992221
9415220236
9140186931
9794460444
8707279265
9415088758
7007552794
9026342628
9119933394
9198948080
9984840108
7007528469
9517237579
9415746748
9935974060
7052893085
9335036270
9794060762
9415159843
8707479627
8853265497
9956829280
7992161939
9044635997
8858496333
9335274192
9919383448
8299570435
8840739834
7376966308
9511424447
8299334589
6387488141
7800107763
7905227904
9412624301
9451989180
9555251405
9450535389
8354983936
7275741000
7860851747
7991998888
9807847700
8052230333
9839065533
9219904024
9555608694
9335205393
9151114547
9455281205
7376484043
9305557166
8573999666
8887097698
7510009111
8090327541
7275777883
7985844330
9782089542
7266928409
9935223899
9554888288
9839082960
9935234868
9044953999
7754022196
9236290637
9335140477
9452616163
9956999996
9598153950
9936674412
7388677777
8528299267
9453781139
7844830212
8470884598
9839646111
9335201708
9696967600
9456200246
8299818554
7348166666
9451848457
9415725879
9453333384
7080909786
9807904934
7080958172
9616286263
9821246021
9569699155
9451001420
8090434816
7838410084
8400888700
9565399998
8090052141
9565398919
7317817777
7408286666
8318616239
8354832255
8429594762
9044241755
9616165390
9044681116
9569963422
9559071273
8400001656
6390509650
9170015484
8799988866
9115223339
9415725150
9305009451
9580241547
7607436177
7497987121
9682023057
7052014782
8127034340
7008128325
8299759467
8887416004
8577038770
9889640603
8081514015
7982164703
7007263637
8808908408
8112708784
9151339992
9580004837
7408313666
9450537777
9721121685
6392599839
9125407097
9219456049
8115873988
9580108688
8882301819
9559557575
9899782906
6392298077
8076959729
8574586546
9250583067
9984998315
7007022169
7310282775
8318710783
8090275099
8200747591
7318492112
9335018840
8115730274
9369818588
9235364949
7275232499
8115967967
9415088973
8853174683
9793671116
7080737219
9838608881
9415806031
9336830729
9506631522
9118610044
8766263990
9005419470
8787274046
8090440469
9580469210
8176808659
6392145319
6306353592
9115226688
9795327635
7007083445
7398674200
7268887004
8052248181
9451280090
8931018860
8604051336
9936600555
7985710282
7007102820
6391116090
9834677504
9452652516
8707761305
8299126854
9236575773
9889406999
7800400211
8392921827
9415791628
8808848262
9721765000
9415021457
8957703227
9906095288
9235000028
9151842879
7372001001
9873010781
8799305300
9015011011
9415424846
8853568455
9628177371
8887561668
7800062994
9919419881
9506593001
9598171735
8881000300
9454488309
9369388880
7033213945
9807777760
8291540681
9721966062
7007937758
8858778299
7897036786
8881320320
9415126461
8859885788
9559959653
9336587472
7317299991
7460041111
9115999666
9838847600
8090091251
9336426947
9450212998
9984444004
7488300419
8948097444
9415400478
9140784928
9336136936
7355285881
9004363309
9454553343
8175034027
8090088101
9369461348
9451914226
7071332716
9889121828
9454663659
9889967399
9936011999
8601777888
7379292623
9936636529
9415410749
9984476600
9415012521
9461315017
9565888485
8619887429
9794522255
8303002921
9919084227
9919502602
8081577705
9415016980
7409006077
7318557352
9335729597
8071935217
9415913371
8071655380
7379006621
8960246811
6392577326
9369225389
9936398906
8576940215
7317268888
9336725650
8109247775
9415058024
9559268757
9897450001
8037907856
9415002718
9415020947
7080920839
7317378888
8840806512
9453993226
9978436270
7376593898
8574974716
9838009905
9451950205
9415919391
8696597622
9839533988
6746172397
9811012011
7985201806
8765177499
8299883960
8429063336
6306361380
9871374814
9238341904
6306470701
9890169506
8604450566
7897296398
9598106119
9619677020
8881772262
8130326334
6306894259
7784889695
7518088988
9506253773
8299566797
8840363127
7800045552
9693097189
9532062408
8851333427
7081367647
9721632341
7683082123
9807432642
8467049766
8400005408
8081856291
9214139185
7084555222
9335817155
9956131097
8840432382
9411995748
7800325940
9415599500
8400496422
8853441788
8127822481
8738086668
8173905557
6394983342
7755864345
8173872808
7235999988
8881552221
9336194260
6392240402
7311164254
9120343083
8601671349
8299024841
7380961174
8850827415
9838686121
9129612978
7080813644
7068916091
9565655599
7234884999
9161347023
8175036732
7985029909
9118877533
9794947666
7311164258
7880600373
9936464777
7571990678
6387498585
9695227954
7985917561
6388971604
8924882509
8112811871
6389641294
9026411707
9569356006
9118511171
7800089773
9838018666
8881035703
9519588389
7388804023
9792857752
8929875504
8810913245
9807420585
8756635194
8065486753
9695061174
7348031977
6389033330
7052665152
7754029999
9936279998
9506388888
9795182840
9555170071
9795143703
8400700424
7752829998
8303926261
7408629000
8188891499
6394047370
9451674421
8858080151
7398484364
8881756430
8317028482
9794166648
9511499543
9838125226
7235821897
8422883122
9580470660
6390377727
9305905695
9005973387
9415466791
9919245348
7985284715
9918100051
8887894528
9005720385
9839413434
9335018963
9984950720
8112626320
9355302514
9598933900
9236093936
9335233409
7266890226
8081801467
7985750376
9170918878
9451112226
9044204074
7860808777
8853594608
7268023644
7985966054
9648666471
8953511052
9236123590
7905128628
8896760077
7905559159
9616527257
9307108481
9335037089
6393757289
9199183111
9026346484
9935177759
8999393463
7607986699
9936535699
9336666662
9506262426
8573846746
9266817564
9336338079
8046808684
8423281218
7071295848
7388633496
7275954354
9307782303
8896343959
9235404036
9554644052
9598745298
8687574312
9170280155
9415002750
9721000205
7905982516
6387393442
8046808838
9793141754
7007663233
9369515475
8303638718
9838588011
9807202233
8931043818
7314620895
8687333222
9696097938
9565144096
8081774889
7905532664
8046801174
9792286695
9044449988
8090482232
9838587782
9695045401
9889067393
7052148212
9795376666
9415177970
7505059596
8382023919
8765531606
9598628655
9335862780
9621564265
7307802120
7380971984
9026206678
8604306828
7348073481
9695180991
6388803728
9793146612
9621556902
7849983514
9792052829
8874747447
9129348887
9795327632
8354832518
8291269139
6306038272
7307064050
8071912555
9289922076
9151007611
8291722371
8828824900
9129777370
8037537584
9151085011
7704008876
8291539573
8291723028
8090044221
8188883960
9151017896
9839027222
8189075557
8127666222
9044114351
9125674793
9580507390
8355030009
9289922729
9821696299
9176438365
9289922761
8828824200
7317000432
9151085005
7417423942
9870319212
9151013461
9511114077
9838343699
9962947695
8071820658
8299272544
7307059010
7007139267
9151053873
9289922625
9962947710
9289922064
9335790777
8090494000
9724777875
9289922881
8929265002
8887541578
7080809319
7525888008
7428700934
8957126940
6388950152
7668284151
9793054538
7669344351
9889426150
7706828001
8048332632
7007995603
7428700931
8765629743
9936062360
8417000171
8291853603
8929597021
9161087666
8033113311
8960911156
9695539317
9415164939
9918100333
7398833279
7379666655
7607777752
7310267100
8604165166
9793220001
9821748069
8726645996
8840162018
9415550293
9305166155
8400088925
8317056283
9651429006
8960232535
8318871400
7988480933
9335362173
7235979189
8168240013
9838998385
9793247827
9918855666
8004300465
7014061398
9984804798
9918525081
7860880841
9984494355
8009776660
9350333509
9795717666
9793753797
7388568787
8604775436
9616195564
9984998677
9455377376
8168638577
9278107648
7408512001
7697141319
8090884455
8081499486
9838384334
9214575767
7007246236
6391948177
9511113600
6393877785
8881114646
9086065750
7880906600
8708197926
9451947795
9506573007
9455118824
9950686001
9555729933
9336722171
9511114915
7269006980
9005353928
8737972645
9984028402
9336158063
9565916015
9358438787
7310007005
8545933300
7007904298
8287727663
9129323322
8881304445
9582009401
9565551230
7905549221
8604939047
9992070648
9839940947
9670017400
7905980858
9044295555
8929298998
8922842198
9455143590
9336101290
8881085089
9793651117
8573800096
9415923776
9336154353
9565424846
7800700303
8852986519
9559752555
7379325383
8960229497
7398711103
9936691111
6386292958
6388339755
7905641536
9696162419
7054888886
7827888988
8576923316
8707658668
9151117494
7084210170
6306185218
9151670708
7985808264
7905186658
7266011183
9919234874
6387834811
9403891468
8601229229
7985307306
9415102025
8840593991
7233000140
8707634101
9807227292
9839253262
9335766660
7398770222
9044666160
7007569941
7060508079
7275913332
9452205411
9793271937
9651217002
9335824127
9621280021
9839467195
7706833000
8960132690
7007504957
9792447346
7307022821
9839018363
8924926098
9125943507
7068110962
9838629323
8318172004
8601464464
9389086114
8826394083
9721360715
7007645460
7706853000
9919990893
7007215516
9451086478
7275119604
7570005000
9044040029
9450707050
9936694966
7800490866
9554136689
9936507713
8687921038
9029436767
9935220710
9170055666
9336249454
7307022817
9335917340
8779451953
9670763666
9450912197
7000295539
6394844264
8062757484
8010078601
8840747675
9935195999
8299857043
8318556904
9335307820
9598616369
9450653634
7997801001
8756222696
8081829191
7905477362
7980168159
8400000660
9889595585
7897789797
8090111100
9742948882
7236820111
9918301551
9335123465
8948868886
9984031039
7554931922
9470030001
9451467771
8299087262
9670183641
7800948439
7054858914
9956828966
7376841090
6394242047
7388979666
9450377738
8470883940
9044212990
8840750788
9250924240
9415172409
7398866697
9807698555
9335711166
9335262751
8127572001
6392057290
9936653445
9956447919
8188886113
7880686600
9936420215
9559251462
9953774364
9044295453
9307912469
8009502393
9918300000
9335088801
9838005883
8810753602
7398640064
8738959571
8090794431
9956872022
8851080244
8005018501
7398715961
8004375410
6387337276
9807802517
9307705770
9452203851
9936716999
8090396746
8081355643
8840250209
6390009179
9451034567
9140141518
9696719094
9235847363
7985906806
7007782895
9415026720
9839514489
9455990070
8130880626
9450586011
6388813316
7081521234
6393905339
9415333718
9839080841
9839287051
9450561198
9565111226
7081571234
9935331000
9799926814
7518107631
8840318127
9307555500
9415778817
7905632214
9919992022
6393529677
8896044891
9452760102
9140951178
7007783800
7275722641
8127000008
7054341414
8924040987
9307464927
9453842182
9651610125
8114279155
9565298586
9532047421
6307796452
8381887070
6392551606
7275066995
8299043541
9918363964
8960795630
9336399990
9871034345
9795549128
8960523161
9794611682
9453649752
9956624463
9793685777
9235712554
9415496456
9717865646
9580574211
9918536396
9305576077
8400619170
7275555145
7080095857
7484854051
9336177012
9956891900
9795717700
9889147147
7985932253
9161360783
7007911679
8318850817
9310700631
9918781121
8765600244
9450473897
8917738118
8657589608
8896317252
7518868686
9005102114
8347580000
9810895646
7753929067
8808888441
9415181270
9151919111
8960842101
8738095105
8563030712
9554021594
9198506584
7523949596
9794713193
9307078833
9721790004
9935637706
6260243873
8382870695
9838528790
6394266927
9415794233
8181812181
9411122334
9336301965
9956887687
9415253209
8196960909
9369612123
7851988877
6307177664
9415696381
7376527379
6394355114
9125613527
8957838223
9911918545
9198912778
9336279032
8840842788
9452807024
8707030571
8960444416
9140872008
6307920416
9415008457
8299551440
6390500149
9125311870
9389974819
7755840778
9369500408
7704969730
9415015441
9540878623
8799255500
9555773423
7376126261
6392334412
8115411407
7607199949
9044573433
9651354137
8299782293
8707587648
7705064481
9140130643
7311155575
8291171606
7392913025
7618828201
8188866106
6393661407
8960553401
9956388812
9838244282
8127386571
8881089473
8787218134
9305828147
8881444959
9984017414
9026774348
9129824082
9076684499
9415470001
8853955500
8957993947
9044131633
9506403330
7499888881
7007986836
7705064266
7054611731
8291171465
8896851487
9140399752
9794220000
8299092854
9839019257
9415088870
6306240794
8881290360
7421823333
9794196777
8858714843
9559991333
9936879200
9935501167
8318663202
9559996493
9889444479
9198551244
7007112205
8318275007
9565723777
9794900111
9839096063
9919887309
9369108976
9415402995
9120058482
9621997779
6390604681
7007267415
8052482578
8563070770
8004864056
8009099175
7905319567
7379629473
8009147070
8174025193
7084422222
7007985506
7607603441
9044965428
9305397130
7028731674
9696744633
8528520084
9140499507
9118288809
8115999953
8299115231
7942845129
7949286374
7706904000
8303121062
9257031558
7755828285
7310100005
9151778888
7942845006
9795874121
7080801403
9415425996
9648414507
9305570534
8960639885
6307107061
9896277687
7942845265
8826922779
7398951960
9389812289
7942845149
8858485180
9839108070
7270075920
8090524411
9559544477
8299397765
7860555588
9161633499
8317013741
7947479637
7275588334
9125806001
7408214444
9198133030
9936051830
8299170797
9667503695
8818888830
9450709331
9451314111
7303700142
9044216044
8840669239
9793664766
7607686820
8726085555
9278373123
9896277735
7355202670
9696841997
8887444886
9450026500
9984417630
9999500175
7905191139
9335025309
8400000022
9936900323
8953200333
8090547156
7408799445
8802930602
9450028115
7007215807
8707355177
8077006837
7607514333
6307492462
8957602062
7355775388
9327338333
8299011290
6393187157
9112585221
9450372322
7860111187
9235838382
9335902937
8400594339
7007832260
7080530004
7084614380
9005050786
7080000832
9305757350
9839685908
9336504968
9335374751
9306945012
8707776383
9648488488
7310275724
7888699788
6306675043
8808522340
9026551557
9580162835
9651055013
8052449492
9005240470
8707334207
9565553111
9450960005
8467988926
6392186414
9452255557
6390000639
7408088889
7081396664
9936301541
9415561457
9235351616
9639779248
9415002714
9453379118
9670000061
9506695760
7376761003
7860872978
9839074639
9335901285
8853786672
9517401214
9044110001
9026750379
8299587651
7007841624
9335097053
9236507854
9198303198
9839222007
9453909188
9956099693
7800465488
9473897545
8858204137
7905746104
8576860167
9911668617
9742593010
7394019474
7275303103
9936528999
9305895443
9559113395
9451403423
8423286879
9453478473
9415158703
7007354122
9336704401
9984111184
9839940882
7007536511
8417864444
7007249150
9911668876
7985003357
7084011454
8881888227
7309803550
8542060403
9335679790
8004433260
8953291891
9198666633
9936671147
9115361277
7317204755
9569254545
9839230407
9335341777
9792132346
9325298684
8318203727
9335928986
9335210300
8317017980
9807993181
9793388386
9696380485
9918804711
8808440844
6388100599
9208198428
7505622555
7317479556
9415463402
8299164511
7309899990
7084861647
9936477777
9807803043
9335910392
9415022485
9118688337
9389998878
8299178255
9838943393
9411632493
7991894784
9580706030
9208862347
7905015259
9140928862
8887824425
9793660061
9415311500
9793537111
9044447714
9415597493
9455555207
6306405882
9648013954
9336481800
9240299623
9792373455
9918614092
9628650502
9335280040
7379600999
9005195584
6386787534
7379345379
9794270176
7376528249
9455043050
7007932170
7007156843
7355034149
6392298557
8874510951
9532229997
9453430931
7355634952
7836860949
9453727550
8787282889
7985316797
8840165497
8009831555
8601457408
9451912018
9936771799
8299772146
9415548022
8318394061
9198166161
9415206444
9452243755
8887188870
8317049647
8795445542
6281001406
9936061123
9415159192
7408645181
9696993805
8574444367
7007385928
9478872839
8604944858
9140172205
9935278666
9415479445
8960076006
8840858102
7355018925
7275224571
7398126116
8382012759
6392532215
9307451347
8318041559
8948514421
6307041453
7800965593
9454936912
9956214316
9936872665
9889758820
9838681421
9415454115
8077447467
9170580188
9450172912
9795968252
7985381733
6394093238
7007532597
9554997653
9044580757
7000893390
9580126362
8299839559
8851236950
9918319826
7800037876
8957815238
7388772888
8881919993
8299747941
6387554436
8808207161
7985513682
9415583016
8858620072
7309268074
9839360822
8840319370
8957377444
7355988282
8279938200
7977639545
9369584524
8127545599
9651799696
9889557776
9450766767
7376223878
9452661211
6307436130
8840998045
7860288409
8881969369
8840271210
9795530227
9889201010
9918502150
9415027266
9415005860
9839099763
8127300000
9911600280
9670070080
9838079569
7398244444
9984000152
9415020335
9415017632
9415001540
9839030103
8052663666
9336909448
8423498483
8004777277
9559139000
7307053688
7408192239
9415101555
8238008424
9807112233
9839314567
9560626500
8467925575
7007648132
8840113622
7897277778
9044999577
9936382786
8429721954
7607292269
9935269111
7518489144
7007126528
9670406748
7505999996
9277326001
9305672191
9936644527
9935043915
8707781188
8707089389
9696212351
8574785107
9335922908
9792488890
9956137471
8851318963
7985675740
9450645942
9839900075
9559688678
9936564171
9415927573
7266831113
9506136319
8299627092
9305571505
8009999995
7275355552
7007160040
9169615987
9555973985
9335015624
9935090028
9336966077
7800220021
8218413202
9935506153
7007312103
7071555007
7704020770
9044451111
9140731746
8090795202
9696461013
8081084261
9839173742
9453226084
9670200755
6386611401
9120105777
9118266603
7905406161
8840200858
9682210222
9616150113
9839800258
9335874503
8318859511
8400046666
9889242423
7403917403
9670555578
8090091449
9919362116
9415005101
7007650065
7250286350
9956687320
9415177585
9653044282
9511166146
9984008666
9453136326
9335076500
7510098888
9336444435
9793027166
9839174269
8765482671
9198499801
8896106183
8081933933
9140295109
8953999444
9369248225
9415059933
8299826515
9889340987
9936365026
8188054447
9795284891
8429349999
6387070854
9044089911
8795214188
9721998088
9838885588
9118388999
6387496656
8004444747
8299271655
7311188800
9415159954
9651336666
9569392218
7052179025
9616633344
8052300222
9651428571
9839887283
8090880909
9838440031
9839429222
9793197097
8299380656
8062757232
7080714444
8933003377
7283008300
9517432732
8101108108
9044210000
9235669218
9005920444
9452183324
8953222350
8318471263
9415003854
7007651725
9453375652
9369978583
8081600600
9696466531
9956623778
9151112063
9559597666
7376227333
8010756033
9918800621
9519383990
9889345811
9335064188
9918137851
8874625303
8960702020
7275776502
7379301078
9999025360
7388732222
8840782642
7379392999
9892634728
8980403663
8299490868
7985554152
9519447777
7860556677
9415023993
8929437373
7570000985
9044052090
9559570555
9919909128
7071150824
9044336070
9415107202
9919111166
7678870444
8077435874
9935757036
8765139561
9910597836
9205440544
9936888000
9076619953
9305949475
7311159666
9151117288
9369870285
7080534999
7570000712
9936438000
9198863444
7408404863
8657768894
9454363252
9335402399
9810331955
9119603535
9918446444
8840255257
9839397979
8545906878
8470876306
9559666018
9152433401
7080888837
9415500056
7572013942
8318849521
9236401515
7800004637
7380315333
9151777117
7235811114
7522000564
9670887777
9621708005
8069028749
9118121555
7311199926
8400399061
8953191167
8081034883
7318254638
7222852222
9838117709
7081165795
9721766666
7084399506
9115005777
9005614007
9839334430
9695222227
6386194696
9335711772
9839702550
9519755513
9152946976
9711079850
6390555515
9519992229
8787044311
9115004646
9936252347
9506381079
8840538234
9919001577
9918296999
8948890888
8858848844
9935167447
9936939786
8319950259
9451273850
9026115149
9971585282
9336057545
8052810773
7233001002
9616150000
9696333555
9935105322
7317444481
8840880860
8317054450
9415213594
8960287435
6392885561
8318361961
9565531460
8090223421
9415126537
9410209069
6392409093
8447350257
9415071241
9450766113
8574151435
9451133598
8808055524
8528946121
9891492172
9451532613
8090857237
7418111204
8953639999
9044041213
6391293666
9598008800
9695390002
8303932646
9044405253
9696970473
6388717461
9026667436
7669645507
6391383666
9794773388
9936010011
7318301117
8738915843
7860072222
9140978812
7881107719
9889967962
8303896941
9129283283
8299607451
8564824008
8062757133
9569834266
9621441067
9721000839
8737868010
9336362436
7985640327
9918361836
7905117796
7985833677
8303342481
9044125235
9369103020
9936128777
9039712890
6389133360
8858888895
9120001689
9235000525
7518818888
9369103330
7017181218
6386420104
8299091707
7068880238
8318409188
7237087237
7607153662
7379244666
9125362436
9935270707
9125268887
8573055090
9336441413
8400280007
7897722444
7408075888
9569335604
7905968268
7880772245
9140389841
9696888908
8528166221
9511110667
9116200271
9838481176
9699677669
9559808482
9559165805
9335290370
8948158888
9161195556
9129555273
9519144487
9305956747
9336387717
8765842532
8885762957
7880533996
9838112288
9519152299
7007722764
8880633333
8400099519
9415089051
8756666420
8037759992
9839090890
6388970500
9956868450
9839073230
9044123454
9305310342
9793111616
9793136661
7905809473
7007553304
9214248076
9320725777
9167342591
8800581589
9415770959
9889444490
9321233008
9838909999
9415011084
9984444090
8037762623
7388673761
8127175779
9871163509
7309107778
8188886707
9838680946
8318287047
9532199268
9794320855
9335229939
9415000465
6003000700
9278152252
9839269597
7800044406
8189005010
9721081098
8090809080
7703000083
7234930000
7080111579
8176068001
6304966763
9984444091
8601444408
8188850333
7522002115
9005009977
7525907777
8010600900
6390907023
8303806123
7668670818
7007515497
7081000573
8009881030
9580302710
8795838008
8318021066
9044050141
9696166634
8090023892
9161697753
8188034421
9044031758
9307887770
8004950802
7704965555
7054440888
9415013870
9453022798
9450804214
9560497882
9454376364
9169388348
9307632008
9559999158
9793243333
9956292768
7052777783
9005742343
8400221000
7376680933
9129187114
7376309393
9198780750
9415520273
8090052425
7054123888
6389201901
8127100555
6390907011
6389300223
7706800059
8765483935
9415403029
7753863613
7706000797
9307202367
9452176603
7408544111
9335814885
7905276993
8935003501
7985102641
9719277000
8896334006
8447547884
7355290792
8077871554
9369424206
8303508107
9956844229
6386353196
9336588715
9795368888
9695326334
9696674612
7390930820
9839846285
7523008663
8765012536
7880734146
6387222787
9335397373
7007065962
8114174444
9199661661
9151092444
7754065533
9455437022
9369111111
9792430851
9415901014
9451309837
8400709797
9919200000
9889098998
7080124444
9838741698
7415405250
9792970910
7394938482
9451545117
8177000781
9305492869
8953371819
7459015001
9918257679
9260989864
6394021022
9205134530
7052897313
9044800007
9451802750
7310101101
9161819171
9260959032
9452999036
9821171015
7235969181
9161100051
8953678555
9335203041
8448813148
9599775803
8071178187
8071178157
8071178155
8356842833
9335910355
8004750009
8071178162
8071178222
7541815971
9936044449
9984824701
8071178231
7905286222
8071178234
8071178285
8860480245
7704077896
9415402174
7054321489
8299466536
8071178169
9415468327
8423483751
9455324142
7755883366
9565011893
9670839868
9956768351
9307232117
9919766451
8687546582
9335247504
8808309660
8756562727
8756906133
7897113110
9839277778
9307206626
8069866612
7942725474
9935680107
7947463835
9795350501
7942725435
9648196479
8882191019
9453428100
7289900000
8953886739
7942725222
7942725638
7942725614
7942725404
8887641411
9336932687
8400006042
9129063760
9936177410
7942725515
9415583169
8044924960
8052332028
9119988332
9415190166
7985179450
7985715120
8840185667
9415964405
8188949800
9415995275
9670633349
8604459697
9005551521
9889170595
8953422402
9621762121
7985120373
9415328204
9580031245
9208162006
8957024231
7355501071
9919111099
9120922231
8707017008
7985581446
7376010706
7523092773
9170968182
8004008123
9621738799
9838185821
9935507468
8795448899
9984585777
7390030157
9580511301
7376304026
7355017567
9129232444
7376624320
9956015511
7800050976
8601876946
9936804420
8756110327
7007199258
9559491123
8860080044
8737081488
9616466484
9519994440
9997815251
9452330426
9044133672
8960619206
6391307777
6392500089
9559680566
8400951357
9839163945
9125719055
9794927333
7275546210
8317048970
9005555785
7985079328
6391261234
9670811100
7268855617
7860273333
8467866650
8881992281
9695643936
9026091708
8853327777
9120500340
7905452322
7533806727
7595268623
9235033149
8419880488
9044472814
9839017111
9506843789
9140597247
9118950777
8299046410
8090386019
8009532441
9554156367
9125529271
7651833266
6391126126
7755817222
8960259110
9335870011
8957475618
6392387448
9517566566
7991878782
8948062565
9910212207
8299544649
9554845313
9795373808
9794618244
9415470581
8881093333
9235788328
8887951482
7317404823
9451246767
9451133827
9369153105
8115778880
9580522864
7380365574
9454711758
8565978494
9036672270
7080087513
7905479303
7007224258
9807215650
8574481692
9454907480
8317060353
8604411000
9956828016
8429457189
8530206759
9918007007
9838142843
9415088456
9453561104
9450097010
8318872223
9236060252
8286314855
9889255551
9451062518
9919925527
9935011594
8127896914
9125728142
8081223508
9415017391
7398314921
9532041130
9415029726
8009008787
9956024299
7897055107
9559938440
9889541418
8400528544
8299308260
9335231324
6386241641
9415368456
7800122331
9795722829
7843860876
9335263143
7755090947
6393491059
8736920747
9415286611
9369350410
9554142421
7052019880
7379295555
9044969888
9450449130
9839487432
7232927399
9956632025
9140298435
8041017246
8400002944
8069955115
8081331454
8840858463
8041017383
9167998319
7052153040
9415086939
9535959833
8041017189
9535983292
9731034782
9731043427
9535939611
9535950547
9731074330
8041016881
9535977271
8041017375
8062709549
9535997079
8960606077
9455876876
8069955121
7007890881
8069955686
8044130856
8041016825
9936210111
8069955116
8062509262
8069955122
8069955129
8069955983
8069955119
8069955126
9731041579
8069955118
9535974963
8069955127
8064174981
8064174472
8064171273
8062509531
8064171237
8064174273
8064174422
8064174418
8064171507
8064174195
8064174086
8064171154
8064174020
8064174470
8064171494
8064174592
8064174100
8069496668
8064170928
7947467854
8062509337
8062509305
8064171388
7943443954
7947467795
8069955130
8062509336
7947467952
8062509828
9305640476
9598202222
7309991443
9555621445
8756079196
9307266701
9129180351
9451504665
9118593291
9452240424
8853658945
9616970786
7275271545
9305112361
9696668276
9450100932
9721156082
9598888949
9044506259
9026262348
9721786444
9839718997
9936243367
9336888886
9235194909
9451388198
8400512711
8756110366
6394887761
9889133501
9554499744
9415518718
9235781735
8932853222
9415575347
8299048342
9452297976
9839336209
9125517039
9335573519
9621403277
8924801655
7054131382
9795408099
9450647396
9839350282
7905155930
9839081559
9335903288
7860379697
7505088970
8960278551
8795167777
9559999737
9956329335
9026189885
9889338989
8957087554
9919740622
9452465343
9305047017
9140805075
9044547031
9389212902
8081109927
9369647115
9696323433
9532971810
7499411709
6387638889
9794705192
9161476462
7985835224
9369847431
9795266508
9565639513
9792677202
9807707786
7985796945
7652060930
9369524521
9450020205
9936000274
8931822899
9369702357
9839455554
7309609081
9335248051
7309749279
9792772736
7607774008
7784854068
7388441177
9336571303
7985352286
8171648032
7379055559
8299113530
6386771993
7007306284
9198888997
6388250723
8887768504
7007537831
9648424783
9236637619
9260948977
7905143317
8787268858
6393668969
6388275370
9889036830
8604919893
8400700816
6388766492
9450771968
9473692244
7355439027
8090395181
9506955587
9695555113
7275103913
7007335734
9628057108
9044742447
9839133669
9935966668
8700362679
9695615067
9565999111
9305468480
8299734857
9415842205
8299208189
6391763995
9451987023
9415140601
9935417049
7860855557
9839064810
9716778456
7355324783
9026353297
8317027905
9415409114
7523093309
8924809506
9839021599
9369228830
9997788861
8576959084
9411885188
8960825113
8960250767
9837774511
9838680158
9044741133
8957460176
7897392344
7007211414
9971230087
7007123372
9506290798
8887114324
9451230368
9984033888
7307124009
9452057520
9454680601
8601290798
7525099742
8090900384
8299572775
9140505867
9795382232
9161617555
7267072777
9451505015
9918678448
7007831603
8953997406
9999350638
9984446223
6387418105
7355503142
9956161861
9918118807
8318094273
8577000772
9919425515
9330427101
9151116015
9415158072
9305252604
9839527222
9452044000
9956666851
9169129918
9598062000
7236957777
8318267967
7054542543
8081470610
7839396705
9167359252
9167443873
9580211817
8808027979
9450095138
9336666777
9930706073
9721725777
9936867020
8037907911
9335906042
6391000131
9935591786
8291384969
9956667130
8037781478
6306167335
9335916254
8400100558
9415021537
7947140934
9839485090
9305673041
8948242724
9838666514
9415107506
8896094860
9415029570
8037908003
9569104200
9335222620
9455601200
9910489998
9005178259
9208002568
9838932132
8400099110
9415028687
8318183956
9415760375
9935833544
7843933227
8601188777
9956204721
9125951078
9415795647
9889199222
9839274878
8756655686
9935511786
7706003791
9415062742
9415026494
9935373281
9415546040
9452551376
9005044275
6394629366
9415109982
9044952111
7275178520
7755072957
7379767379
9415582159
8009628238
9044887829
6391656488
9839866694
9793694999
9140088537
6387623767
9839190785
9451297602
8932899900
9807527605
9336966233
9307328727
9839013510
8948733335
7052533115
9984942116
8960000768
7084701058
7499549616
9696918820
9839184213
7617802720
9305896830
7311155533
8045950787
8291018741
8071912751
9838279403
8004805070
9140746709
7309361234
8071909164
7704860006
9140267388
8188999894
8071909177
9721132132
9415141414
9044674475
9619019235
8071655075
8957980400
9167440133
9415400532
9167196394
9565696315
8879985797
9594820230
8175066816
9336675725
9167525907
9454357635
9198866897
9935358606
7007079191
9415156066
9140771381
9455099768
7393987414
8291210032
7905331811
8505983338
8071912757
9026023979
8795016716
9167401035
8071912760
9919526000
9731098780
7524009055
9919307000
9794539200
8929100517
7942728556
9594820166
9696228272
7942728495
8291199185
8045950828
9167455979
9044419016
7007026048
9167993623
8291935653
7275002030
8971559742
9307448392
7379034001
8726977122
7379248409
7706069107
7311133018
7275990811
8433336660
7522885551
7309777111
8756222217
8858943456
8318431479
6390045983
9044330943
9389811436
8400609838
6391999333
7379911888
9919742418
9559414376
9450637935
7310400405
9450609931
8881882200
8400000090
9456890513
8874205903
8810991897
9415426138
7706063333
9838441823
9335284164
9619927612
9235011113
9696768867
7355673890
8922886688
9936541222
8318241336
9335071387
8175051510
8090434858
9918812111
8586035838
9648313630
9619930358
9415029844
9839211899
8172878596
6387904634
7991258500
9696496396
9838771804
8887037338
8470985810
8400379428
9559300287
9935488000
9621787785
9260936562
9721677907
7880327799
9005777111
7310257020
9696777391
9935570058
9560706397
9919101876
9807033222
9919371919
8601323000
9170834007
9935775799
9889384456
9415949467
9935115786
9167687069
8299025716
9559354659
9580828826
9511117989
6387571401
9838099903
9557471004
9793030000
7380456361
8887570107
8564987725
8604940533
7309729889
8726644444
8047017859
9793353301
8920078102
8879885084
9415159528
9415018126
9140828799
9554526007
9415159537
9236109472
9935263400
7071188150
8840421331
9839109159
9838362087
9205498502
8353972499
8874780901
7007401504
9369991880
9044604486
9532642010
9452060809
8953888555
8920868952
7318473579
9335903725
9555369434
9044759565
8600134237
6394938473
9161606062
8957451667
9839502750
9161113300
8810707120
8044953407
9936869991
9559628648
8887539044
8869990543
8044953406
8044953408
7318331300
9696146316
6392110952
8960405567
9198343731
9792777123
9451000343
9554431988
9175172385
9607006071
9415334136
7007279613
9935851269
8299194052
9818628918
9839094208
6394660167
7887072466
9935573498
9838609964
9307989190
9415423595
7275367999
7007293873
8009522992
8299547929
9260994765
6387199147
8188882170
9454383967
9935073000
9935900993
9450237609
9519038687
9889735744
9956503786
9455583008
7355606887
9140565887
9936373213
9415003747
9839030065
9936411718
8563850557
9198463361
8787232070
9598466800
7309999096
9792114777
9161547095
8318171839
9554785552
8384859438
7607078498
7317602192
6392604006
8975764444
9621191919
7007656061
6395952025
9415084970
8953938153
6306454487
9919968051
9424715621
9628001020
7393900641
8229004195
9532527485
7007660154
9936952821
9415094273
9415020582
8318303075
9455106173
8090754040
7068559000
7522002315
8176875787
8400065664
8879984088
8881059997
8604720920
9023171733
7505839682
8650908077
7065521393
9559222275
9621909090
9335201179
8881199123
8960186655
9793325338
8009034000
7307598895
8047492524
9336734364
9450258579
9415905584
9454785219
8400002983
8047091106
8707849615
8355075990
8005009097
7380955557
9792111121
7355757141
9260913879
7897115898
7786051233
8318495034
9450652147
8840891863
6392146681
9838475161
9451386466
7388102628
8881516752
9354746231
9015414771
9918261909
9452543751
9453090621
9009002000
8045682610
9838635206
7071546003
8455958965
7007324800
9140458592
9580322240
7388102629
7843866730
9984666222
9415110177
6307352434
7985236926
9452781211
7007881976
9454606724
7800047165
7388102630
9565336699
7054962725
9140733547
7007323740
9984248424
7388102627
7231912196
8840208282
6366527063
7007281808
7652038734
9109108427
8957811115
9044997593
8112601234
9889193837
9919558999
9793527531
9506010010
9598333344
8303137539
9956585205
6394197620
9236810883
7234093333
8601670900
8090007151
7275927287
9873308603
9682088088
8874444601
9670441487
9044115811
9335878406
9628423424
8755587557
8808291133
9867549222
6283578744
8175959676
6388778077
8858617564
8318479667
8847345922
9935470728
7838228265
9482742503
6392128685
7007583510
9454321574
9369880514
8840382835
9870309860
8382807513
9696729407
8770109906
9860928038
9415289111
6307001640
7588226015
9838003789
9988593040
7052272510
9580291873
8922998464
8795215482
9415225267
9889093138
8887865442
7078841000
7906190933
7071842141
7276341014
9919349393
9794448285
8188000557
9454794973
8318848285
8738060535
7905387412
7307719687
8887785303
7905770968
9450863239
8318060221
9198336287
9455547779
8071912474
7881198989
9919998777
8887801834
9026390770
7393866640
9415576004
7905509722
8071936818
7800046462
7754009712
7007036602
9415942399
9415001166
7618929753
9119613333
8957015504
7845535587
8840540204
9450113466
9699711425
8299426861
9161879415
9839869667
8758410000
8299820124
9415759301
9759646979
8303806920
9793715300
8840788762
9919373646
9839022973
9335541302
9415437358
9839276673
7379433957
9452314888
9140491173
7376414180
6307050915
9456449212
9415446646
9793256567
9936877741
8009909901
9519441419
9415787903
8881000813
9335300898
8957710507
7843817595
8736000094
9473829739
7651890550
7270964626
9621956665
9336193635
8423296059
9305521911
9305858218
7071565393
8840231884
9119971113
9415085899
7275101000
7800093111
8005454000
9984933339
9336184570
7678888839
8542915453
9919006161
8874942473
9565508888
7398413465
9005996371
9335235101
7007095442
9511445444
9120504345
8563820264
7652041751
7275883354
8707679819
8573025514
7905645146
9335531881
8177014556
7011267676
9936048772
6306514990
9919103078
9560556567
7310108282
9838853777
8299103216
9967670662
9695602474
7007796177
8081826839
9120788866
7905480310
7291975229
9307712313
9935055789
9161352045
6394305355
8542841114
9335666669
7068907681
9554907185
7007237006
8090010607
7800019500
9170197555
9335242970
9305999907
7388909911
9450038792
8400693715
9670281666
9278114526
7309081166
8037784202
9838439243
9111001234
9236531661
9118627116
7311169616
8506865555
9721763349
9936514266
7525045994
9452743912
9889867937
8575802370
9140179537
8601615992
7398623742
8382806655
7007673039
9889587809
9140677975
8429262928
8953285993
9580588999
8181040977
9198692186
7503652333
9984444740
9911226012
9026200046
9889683302
9161224477
7905709297
9999872709
8960199858
7393073304
7785858374
7355330103
8400055716
9044453503
9793211116
7007135974
9696515527
9696772759
7985050386
8317017952
7800000035
9711755453
9935373737
9569066114
8004161616
9793585780
7651812118
7398302302
9415177476
9335774525
8881624085
7392805155
8756917771
7651901341
9112512512
7080807024
8429211999
8182886557
8423928432
8115158133
6386673640
7428912220
9838448897
8808062222
6386941065
9453013641
9027291211
9450020300
9984110232
8563897950
7080581133
7459993959
9140347920
7783935263
9717832799
8127926637
9580425247
9336157106
8826056620
8881258883
9335274024
8574653463
9793600002
8948054817
7536019621
9935283431
7303393908
6387062884
8765234971
9889964784
7007351725
9170031115
9919653528
8127227284
8881603939
9580488517
8005757309
9118222831
7417324465
6388106990
9473763134
8400899993
8545995433
7525888222
7007026448
8948382831
9794907807
7007760406
9559972216
9569297810
8777705618
8707024158
9717328349
6307036090
7007515482
9140391184
9956956696
9415242490
8429398510
9565757739
9654149692
8840163547
9198522205
9519070915
7355197572
7905569751
8881993993
8005483035
8081199993
6393868664
8601017777
8948351374
9119997555
9554505918
7880509149
8429987777
6392401012
9235811240
9795427526
9936405154
8209953515
7703006243
8957999319
7388046063
9119662007
8960061385
9844385073
9889920230
9115075751
9455119912
7985647542
9520230110
8577827023
7505274198
9235652368
9919019066
9519213125
8498061888
9453616035
7080487058
9921425096
6361101187
8840048194
7237841881
9935364157
9971605903
7355525183
7652028004
7669787675
9795770733
7905387643
9118178051
9335927200
9695563964
8777294134
9250766624
9415001406
9415012530
7068959393
9006656896
7081111070
8090829260
8604000008
8115330536
9948383446
8756097916
9838569490
8354816088
9554441117
9311127633
7007637911
9389409733
9026777663
7054448881
9453242206
8299207159
7800854321
8726664000
8528719311
9838383650
9415027706
9532116395
9140324522
8736860717
8860757649
8299055990
9838537711
9918219111
9696015858
9793332534
8382022553
7275110000
7905611477
9454154050
7388222207
9140527908
9335611894
7985841550
7379666622
7007573652
9369764042
9582061610
9628055111
8840133701
9919500054
9554406888
8005331110
9380947319
9839836095
9140779702
7007954566
8953423604
9369556052
9453308133
8881113599
9918001286
9794200200
9621056436
9999122033
7905866847
9935775544
8840316573
7860922221
8858230920
8737038342
7905466076
9044489595
7398077598
7860558585
7572032777
7459903215
7905550853
8318009622
7310000413
7838338437
8953182925
8303111100
9651161792
7619053637
9389926044
8881881919
8447588882
7007188143
7310000330
8306787652
8799769434
7310251337
7398380048
9839537699
9305451301
9151555422
9935235555
8127736363
7668211116
6393453682
9120277738
9794279186
8756000222
8853977158
9452091673
8299109938
7905519744
8353931494
6386999610
8381862637
8604966535
8368231966
8181000018
8881081122
9555294990
6392957371
9026233953
9651819311
8299213647
6389102102
9619118000
8601102108
9455490905
9999168707
9125705700
9451781905
7800543595
8840449277
8318405657
8174940880
9651428913
9305247276
9795844012
8887835788
8299866151
7311169992
7398475499
6387318543
9984610006
9210002323
6386913090
9984842121
6394972433
9984102102
8920919203
8787017236
9119846240
8299446768
7755887476
7985835453
9651743032
9648472261
8604989471
9839841549
7985548629
6386630537
8071820502
7851006719
7317317300
6393600008
9670995277
7510001424
7065057065
9919990957
7080166666
8808880070
6351548067